trained with learning rate 0.0001, batch size 8, planned epochs 1000 but only took 139 epochs.training_losses
260.6228942871094
2647.758544921875
1327.951171875
1327.951171875
1327.951171875
1327.951171875
1327.951171875
1327.951171875
1327.951171875
1327.951171875
1327.951171875
1327.9512939453125
1327.9512939453125
1327.9512939453125
1327.9512939453125
1327.9512939453125
1327.959228515625
1327.959228515625
1327.959228515625
1327.959228515625
1327.959228515625
1327.951171875
1327.951171875
1327.951171875
1327.951171875
1327.951171875
771.1445922851562
687.3788452148438
687.3788452148438
687.3788452148438
687.3788452148438
687.3788452148438
687.3788452148438
687.3788452148438
687.3788452148438
687.3788452148438
486.758056640625
384.93316650390625
384.93316650390625
384.93316650390625
384.93316650390625
384.9425354003906
384.9425354003906
384.9425354003906
384.9425354003906
384.9425354003906
384.9425354003906
384.9425354003906
384.9425354003906
384.9425354003906
384.9425354003906
384.9425354003906
384.9425354003906
384.9425354003906
384.9425354003906
384.9425354003906
384.9425354003906
384.9425354003906
384.9425354003906
384.9425354003906
384.9425354003906
384.9425354003906
384.9425354003906
384.9425354003906
384.9425354003906
384.9425354003906
384.9424743652344
384.9424743652344
384.9424743652344
384.9424743652344
384.9424743652344
384.9425354003906
384.9425354003906
384.9425354003906
384.9425354003906
384.9425354003906
384.9425354003906
384.9425354003906
384.9425354003906
384.9425354003906
384.9425354003906
384.9425354003906
384.9425354003906
384.9425354003906
384.9425354003906
384.9425354003906
384.9425354003906
384.9425354003906
384.9425354003906
384.9425354003906
384.9425354003906
384.9425354003906
384.9425354003906
384.9425354003906
384.9425354003906
384.9425354003906
384.9425354003906
384.9425354003906
384.9425354003906
384.9425354003906
384.9425354003906
384.9425354003906
384.9425354003906
384.9425354003906
384.9425354003906
384.9425354003906
384.9425354003906
384.9425354003906
384.9425354003906
384.9425354003906
384.9425354003906
384.9425354003906
384.9425354003906
384.9425354003906
384.9425354003906
384.9425354003906
384.9425354003906
384.9425354003906
384.9425354003906
384.9425354003906
384.9425354003906
384.9425354003906
384.9425354003906
384.9425354003906
384.9425354003906
384.9425354003906
384.9425354003906
384.9425354003906
384.9425354003906
384.9425354003906
384.9425354003906
384.9425354003906
384.9425354003906
384.9425354003906
384.9425354003906
384.9425354003906
384.9425354003906
384.9425354003906
384.9425354003906
384.9425354003906
siamese_losses
85.4037857055664
61.93370056152344
34.89864730834961
27.316802978515625
26.775732040405273
27.188453674316406
27.306364059448242
26.979137420654297
27.12721061706543
26.952369689941406
26.64498519897461
26.607587814331055
26.566495895385742
26.406137466430664
26.751371383666992
26.22060203552246
26.20512580871582
26.159103393554688
26.417457580566406
25.617733001708984
25.696731567382812
25.83449935913086
25.51953125
25.77635955810547
25.377426147460938
24.9566593170166
25.300127029418945
25.005695343017578
24.72017478942871
validation_losses
4655.630859375
672.2080078125
672.2081298828125
346.998046875
193.4311981201172
193.4311981201172
193.4311981201172
193.4311981201172
193.4311981201172
193.4311981201172
193.4311981201172
193.4311981201172
193.4311981201172
193.4311981201172
193.4311981201172
