trained with learning rate 0.0001, batch size 8, planned epochs 1000 but only took 320 epochs.training_losses
77.49052429199219
73.59745025634766
73.00462341308594
72.80823516845703
72.55449676513672
72.34220123291016
72.43944549560547
72.31556701660156
72.18299102783203
72.08362579345703
71.95272827148438
71.8287353515625
71.85850524902344
71.7553482055664
71.83574676513672
71.8227767944336
71.65155029296875
71.61817169189453
71.51885223388672
71.54886627197266
71.52983093261719
71.54971313476562
71.56887817382812
71.43366241455078
71.50234985351562
71.43379974365234
71.33189392089844
71.38770294189453
71.40104675292969
71.36714935302734
71.33634185791016
71.31778717041016
71.25418090820312
71.23452758789062
71.15753173828125
71.23348999023438
71.15143585205078
71.06356811523438
71.24549102783203
71.26079559326172
71.180908203125
71.2417984008789
71.21109771728516
71.14739227294922
71.15320587158203
70.96887969970703
71.20562744140625
71.15601348876953
71.09357452392578
70.94950103759766
71.0293960571289
70.99879455566406
70.98480224609375
70.94598388671875
71.00772094726562
70.992919921875
70.89781188964844
70.91781616210938
70.87781524658203
70.92779541015625
71.0470962524414
70.86764526367188
70.92133331298828
70.86386108398438
70.85084533691406
70.95216369628906
70.8288345336914
70.99429321289062
70.93727111816406
70.9314956665039
70.99891662597656
70.90941619873047
70.91678619384766
70.87220764160156
70.86016845703125
70.69528198242188
70.857177734375
70.7574691772461
70.81219482421875
70.909912109375
70.86314392089844
70.76628112792969
70.85533142089844
70.90650939941406
70.80612182617188
70.87236785888672
70.8047866821289
70.83697509765625
70.73394012451172
70.75227355957031
70.7945556640625
70.8841552734375
70.78521728515625
70.71426391601562
70.70984649658203
70.76441192626953
70.71456909179688
70.7584457397461
70.76966857910156
70.79690551757812
70.7948226928711
70.65547943115234
70.78202819824219
70.65913391113281
70.72667694091797
70.68244934082031
70.63774108886719
70.66893768310547
70.67442321777344
70.56608581542969
70.5475082397461
70.68101501464844
70.72412872314453
70.7043228149414
70.5661392211914
70.55447387695312
70.66200256347656
70.60387420654297
70.66228485107422
70.71359252929688
70.6629638671875
70.63448333740234
70.46011352539062
70.68934631347656
70.47842407226562
70.65106964111328
70.75343322753906
70.57356262207031
70.71454620361328
70.54546356201172
70.66902923583984
70.66194152832031
70.65302276611328
70.52501678466797
70.55194091796875
70.49886322021484
70.57648468017578
70.55113983154297
70.54778289794922
70.72901153564453
70.48734283447266
70.4374008178711
70.48780059814453
70.50304412841797
70.44544982910156
70.60966491699219
70.52588653564453
70.51729583740234
70.468994140625
70.54393005371094
70.46653747558594
70.50818634033203
70.49920654296875
70.48151397705078
70.55657196044922
70.44788360595703
70.54436492919922
70.55067443847656
70.54434967041016
70.61588287353516
70.4937744140625
70.42930603027344
70.52518463134766
70.58100891113281
70.49413299560547
70.3447494506836
70.55104064941406
70.39337158203125
70.49903106689453
70.6102066040039
70.49091339111328
70.5951156616211
70.50263977050781
70.4769515991211
70.62779998779297
70.5685043334961
70.56864166259766
70.38580322265625
70.43029022216797
70.46309661865234
70.521240234375
70.40776062011719
70.4740982055664
70.42972564697266
70.40997314453125
70.38277435302734
70.37215423583984
70.3893814086914
70.52955627441406
70.45948791503906
70.37815856933594
70.415283203125
70.49118041992188
70.45086669921875
70.50493621826172
70.28301239013672
70.47598266601562
70.39156341552734
70.48078155517578
70.49516296386719
70.31962585449219
70.48060607910156
70.31868743896484
70.3078842163086
70.4021224975586
70.44499206542969
70.50452423095703
70.39382934570312
70.4693374633789
70.3649673461914
70.52030181884766
70.36283111572266
70.45790100097656
70.36978912353516
70.37408447265625
70.43714904785156
70.48899841308594
70.48778533935547
70.5448989868164
70.42057037353516
70.44827270507812
70.39661407470703
70.31492614746094
70.35274505615234
70.39348602294922
70.35597229003906
70.3539047241211
70.40766906738281
70.39116668701172
70.37168884277344
70.29242706298828
70.32402801513672
70.37023162841797
70.4605941772461
70.4315185546875
70.36328887939453
70.355224609375
70.29801940917969
70.32621002197266
70.43648529052734
70.37997436523438
70.40889739990234
70.42430114746094
70.39057922363281
70.38410186767578
70.3893814086914
70.25714874267578
70.4200668334961
70.36785125732422
70.32997131347656
70.39219665527344
70.2738037109375
70.31900787353516
70.40608978271484
70.28227233886719
70.48529052734375
70.36634063720703
70.37106323242188
70.37007904052734
70.41639709472656
70.3543472290039
70.35782623291016
70.2771224975586
70.35295867919922
70.36762237548828
70.38983917236328
70.47366333007812
70.29418182373047
70.22875213623047
70.36785125732422
70.28868103027344
70.3675537109375
70.32166290283203
70.26825714111328
70.27333068847656
70.34770202636719
70.34428405761719
70.2600326538086
70.31805419921875
70.34413146972656
70.2342529296875
70.2598876953125
70.4186019897461
70.24633026123047
70.28193664550781
70.38568115234375
70.45795440673828
70.25695037841797
70.42086029052734
70.37474060058594
70.35047912597656
70.36962890625
70.35993194580078
70.15892791748047
70.30654907226562
70.3024673461914
70.26116943359375
70.43701934814453
70.3643569946289
70.34088134765625
70.31857299804688
70.31534576416016
70.50373840332031
70.25067138671875
70.2347412109375
70.3782730102539
70.25079345703125
70.22142791748047
70.15345764160156
70.48155212402344
70.24420928955078
70.26078033447266
70.16120910644531
70.26195526123047
70.2860336303711
70.31250762939453
70.2815170288086
70.30447387695312
70.26863098144531
70.29222106933594
70.33780670166016
validation_losses
36.97865676879883
36.15186309814453
35.850799560546875
35.640018463134766
35.657081604003906
35.556148529052734
35.58747482299805
35.553558349609375
35.584800720214844
35.44148254394531
35.465904235839844
35.4288215637207
35.491939544677734
35.390159606933594
35.359073638916016
35.32952117919922
35.43754959106445
35.33350372314453
35.30524444580078
35.26625442504883
35.35402297973633
35.318660736083984
35.13809585571289
35.25341033935547
35.25301742553711
35.307254791259766
35.2787971496582
35.27295684814453
35.31201171875
35.29383850097656
35.2453498840332
35.240745544433594
35.162742614746094
