trained with learning rate 0.0001, batch size 8, planned epochs 1000 but only took 299 epochs.training_losses
338.7928771972656
317.5322570800781
307.2886047363281
295.668701171875
286.0450744628906
278.74188232421875
273.55126953125
268.53753662109375
265.9888916015625
263.75732421875
262.4927062988281
261.2922668457031
260.2699890136719
260.0125427246094
259.4104919433594
261.22802734375
259.824951171875
256.8763427734375
255.90232849121094
253.52313232421875
252.31924438476562
250.96490478515625
247.2469482421875
246.38409423828125
245.60064697265625
244.3427276611328
245.62554931640625
243.6555633544922
247.38265991210938
242.3001251220703
241.43228149414062
240.60189819335938
239.49246215820312
240.0323944091797
239.75917053222656
239.67543029785156
237.90118408203125
236.63870239257812
236.72970581054688
238.1642303466797
236.12905883789062
235.92242431640625
236.51304626464844
237.8108367919922
236.00172424316406
236.1237030029297
237.0497589111328
238.34434509277344
236.39456176757812
235.33700561523438
237.06101989746094
235.51124572753906
239.47982788085938
242.57875061035156
236.0599365234375
234.70811462402344
234.8331298828125
234.53460693359375
235.51438903808594
235.94998168945312
234.96438598632812
234.62039184570312
236.81085205078125
235.61224365234375
236.00167846679688
235.4945526123047
234.45974731445312
234.133544921875
234.4457244873047
233.9766082763672
235.5272979736328
234.8397979736328
234.38194274902344
234.52366638183594
233.9422149658203
239.91604614257812
235.34458923339844
234.8675537109375
233.67677307128906
235.4370574951172
237.39422607421875
235.85508728027344
234.1807861328125
234.95790100097656
233.8663330078125
233.35552978515625
233.4769287109375
233.305908203125
234.3367462158203
234.7399444580078
233.99082946777344
235.3755340576172
235.52615356445312
250.6858367919922
235.89700317382812
233.51458740234375
233.4734649658203
233.03878784179688
233.36795043945312
233.84617614746094
234.0946044921875
234.10003662109375
232.69444274902344
233.6200408935547
233.55670166015625
233.29273986816406
234.4725341796875
234.6729736328125
233.30943298339844
233.27313232421875
232.8271942138672
232.49221801757812
232.48329162597656
235.01438903808594
235.07449340820312
233.2135772705078
233.17103576660156
232.7790985107422
232.693603515625
234.36814880371094
233.17742919921875
232.61746215820312
232.41073608398438
236.2451171875
235.20556640625
236.3096466064453
233.6085205078125
233.06166076660156
232.64939880371094
232.59815979003906
233.38394165039062
233.7511444091797
233.77349853515625
233.79579162597656
233.69015502929688
232.91464233398438
233.63381958007812
234.5321044921875
233.54396057128906
233.26690673828125
232.8887481689453
232.82896423339844
232.68463134765625
232.6243896484375
232.41954040527344
232.88050842285156
234.82681274414062
237.40858459472656
235.1473846435547
234.32200622558594
233.15939331054688
233.30613708496094
233.2056884765625
233.78465270996094
233.6507568359375
232.94873046875
233.36582946777344
233.35678100585938
233.38424682617188
233.2782745361328
232.53067016601562
233.72601318359375
235.1819305419922
233.93533325195312
233.39117431640625
232.687255859375
232.79185485839844
232.52548217773438
232.51217651367188
235.87046813964844
233.3285369873047
233.5178680419922
233.22195434570312
233.0790557861328
232.50184631347656
233.4827880859375
232.64089965820312
232.3649139404297
232.41119384765625
232.49615478515625
232.8819122314453
232.45709228515625
232.9654083251953
235.35223388671875
233.091064453125
232.89695739746094
233.3238983154297
232.3413543701172
232.60719299316406
232.32789611816406
233.84788513183594
233.63841247558594
233.55995178222656
232.458984375
232.50408935546875
233.1490020751953
232.86761474609375
232.2759246826172
232.27420043945312
232.31906127929688
232.06723022460938
232.06983947753906
232.14175415039062
235.39938354492188
237.24481201171875
233.91378784179688
232.92745971679688
232.6952362060547
233.3687286376953
232.48629760742188
232.50865173339844
232.4794464111328
232.45872497558594
232.51878356933594
232.60536193847656
232.703857421875
233.50270080566406
233.66766357421875
232.64781188964844
232.52052307128906
233.00997924804688
233.15213012695312
232.582275390625
232.5149688720703
232.30340576171875
232.19664001464844
232.16754150390625
232.385009765625
233.83236694335938
233.68997192382812
232.61167907714844
232.41177368164062
232.72496032714844
232.70223999023438
233.25697326660156
232.53298950195312
232.61090087890625
232.4619140625
232.80589294433594
232.40219116210938
232.37086486816406
232.3262176513672
232.94415283203125
232.69189453125
232.5293731689453
239.13702392578125
240.3988037109375
234.67762756347656
233.84722900390625
232.8939971923828
232.4866943359375
232.3389129638672
232.27699279785156
232.24484252929688
232.2783966064453
232.24923706054688
232.2001495361328
232.09750366210938
232.0716552734375
232.04042053222656
232.0248260498047
232.00741577148438
232.12843322753906
233.21725463867188
233.17971801757812
233.51953125
232.8365478515625
233.1055908203125
232.59039306640625
232.17135620117188
232.62144470214844
232.302734375
232.3733367919922
232.11656188964844
232.07647705078125
232.04232788085938
231.96792602539062
231.95457458496094
231.9431610107422
231.93824768066406
231.92039489746094
231.90643310546875
231.88690185546875
231.8754425048828
231.9354248046875
238.31532287597656
234.38829040527344
233.2382049560547
232.50027465820312
232.567626953125
232.41061401367188
232.65057373046875
232.5509490966797
232.1085968017578
231.94000244140625
231.8990020751953
231.8818359375
231.8649444580078
231.87335205078125
231.86009216308594
siamese_losses
validation_losses
118.13554382324219
116.51710510253906
116.41783142089844
116.5009536743164
116.03872680664062
115.95784759521484
115.85371398925781
115.98868560791016
116.25291442871094
116.1524658203125
115.86042785644531
115.66680145263672
115.6839599609375
116.13824462890625
115.6684341430664
115.7152099609375
115.62210845947266
117.79536437988281
115.69283294677734
115.99578094482422
115.53138732910156
115.67691040039062
115.61549377441406
115.5509262084961
115.62064361572266
115.62994384765625
115.52864074707031
115.75768280029297
115.47496032714844
115.53941345214844
115.46029663085938
