trained with learning rate 0.0001, batch size 8, planned epochs 1000 but only took 260 epochs.training_losses
76.61007690429688
72.85970306396484
72.47498321533203
72.07185363769531
72.19603729248047
71.8125
71.8150634765625
71.61441040039062
71.50682067871094
71.46620178222656
71.3728256225586
71.21202850341797
71.21267700195312
71.10807037353516
71.11279296875
71.16258239746094
71.10161590576172
70.94493865966797
70.9923095703125
70.9144058227539
70.919921875
70.97183227539062
70.85005950927734
70.83329010009766
70.84678649902344
70.78028106689453
70.84098815917969
70.69588470458984
70.67557525634766
70.69522094726562
70.63835144042969
70.62162780761719
70.58138275146484
70.5921401977539
70.70490264892578
70.48674774169922
70.61941528320312
70.43431854248047
70.51589965820312
70.59327697753906
70.54772186279297
70.49716186523438
70.4735336303711
70.60559844970703
70.34258270263672
70.36096954345703
70.32284545898438
70.32544708251953
70.29679107666016
70.38145446777344
70.42012023925781
70.30252075195312
70.39766693115234
70.27245330810547
70.3297119140625
70.3770523071289
70.33978271484375
70.34121704101562
70.42147064208984
70.21905517578125
70.30146789550781
70.25334167480469
70.20416259765625
70.37907409667969
70.34361267089844
70.24230194091797
70.2574234008789
70.2882080078125
70.23365783691406
70.23649597167969
70.178466796875
70.1197738647461
70.23534393310547
70.1710205078125
70.13108825683594
70.14459228515625
70.11276245117188
70.10586547851562
70.16771697998047
70.19718933105469
70.17676544189453
70.11489868164062
70.17483520507812
70.12452697753906
70.0638656616211
70.16436004638672
70.11750793457031
70.01392364501953
70.00358581542969
70.07418823242188
69.96438598632812
70.22003936767578
70.10001373291016
69.97724914550781
70.03665924072266
70.04167175292969
70.13505554199219
70.0775375366211
70.10043334960938
70.08817291259766
70.09230041503906
69.96954345703125
70.04502868652344
69.88844299316406
70.06449890136719
69.91542053222656
69.98082733154297
69.94775390625
69.92584991455078
69.95890045166016
69.92675018310547
69.98175048828125
69.95467376708984
70.03589630126953
69.82437896728516
69.90362548828125
70.05825805664062
69.92271423339844
70.01789093017578
70.01924896240234
70.04495239257812
69.91773223876953
69.94894409179688
69.98403930664062
69.91297149658203
69.89774322509766
69.94483947753906
69.97962951660156
70.00723266601562
69.91504669189453
69.7900161743164
69.79987335205078
70.01134490966797
69.8692398071289
69.90825653076172
69.92152404785156
69.73270416259766
69.98363494873047
69.80799865722656
69.76311492919922
69.84679412841797
69.77559661865234
69.8876724243164
69.9119873046875
69.85694885253906
69.8720932006836
70.01239776611328
69.819091796875
69.87574005126953
69.78028869628906
69.81233978271484
69.71365356445312
69.79306030273438
69.85903930664062
69.7154312133789
69.91357421875
69.81462097167969
69.78855895996094
69.80249786376953
69.7707290649414
69.83235931396484
69.85980224609375
69.82624816894531
69.77411651611328
69.77880859375
69.7660140991211
69.76246643066406
69.74211120605469
69.83353424072266
69.89620208740234
69.80843353271484
69.76277923583984
69.7620620727539
69.81655883789062
69.8169937133789
69.78827667236328
69.91912841796875
69.80572509765625
69.82528686523438
69.66508483886719
69.74652099609375
69.93110656738281
69.71419525146484
69.73828125
69.86949157714844
69.73876190185547
69.7098617553711
69.69166564941406
69.74597930908203
69.84220886230469
69.80769348144531
69.71817779541016
69.80048370361328
69.74464416503906
69.61953735351562
69.75125122070312
69.7850570678711
69.72565460205078
69.72643280029297
69.71096801757812
69.673583984375
69.73139190673828
69.68325805664062
69.6964111328125
69.87202453613281
69.6906509399414
69.77861785888672
69.56377410888672
69.60308074951172
69.74867248535156
69.67632293701172
69.59364318847656
69.71949005126953
69.85137939453125
69.73821258544922
69.69267272949219
69.70411682128906
69.66272735595703
69.63006591796875
69.63323211669922
69.6923599243164
69.78327178955078
69.56793975830078
69.8141098022461
69.65184783935547
69.68916320800781
69.67349243164062
69.65258026123047
69.72874450683594
69.59668731689453
69.61181640625
69.62317657470703
69.673095703125
69.65145874023438
69.7607192993164
69.68666076660156
69.71849822998047
69.64191436767578
69.75587463378906
69.69775390625
69.55280303955078
69.6199722290039
69.70962524414062
69.60758209228516
69.76512145996094
69.67400360107422
69.65264129638672
69.6634750366211
69.70511627197266
69.59637451171875
69.56082916259766
69.66630554199219
69.5589828491211
69.67979431152344
69.78230285644531
69.54206848144531
69.630615234375
69.62969207763672
69.68087005615234
69.58866119384766
69.56623077392578
validation_losses
36.68409729003906
35.69186782836914
35.53857421875
35.30596923828125
35.292144775390625
35.26384735107422
35.275177001953125
35.18141555786133
35.15372848510742
35.020263671875
35.164031982421875
35.13557434082031
35.12660217285156
34.991722106933594
35.016319274902344
35.056365966796875
34.90754699707031
34.93419647216797
34.949607849121094
35.07669448852539
35.03627014160156
34.926605224609375
35.0197868347168
34.923160552978516
34.893829345703125
34.89707946777344
34.86937713623047
