Total loss for testset is: 11.852225291542709
top ten test accuracy: 0.1678726483357453

trained with learning rate 0.0001, batch size 4, planned epochs 1000 but only took 270 epochs.training_losses
7308.57568359375
7226.91064453125
7019.69873046875
6834.46923828125
6618.4833984375
6571.279296875
6401.9892578125
6494.2509765625
6440.60498046875
6343.505859375
6320.75048828125
6840.90185546875
6473.72265625
6440.59375
6296.359375
6078.767578125
5974.57958984375
5803.61865234375
5704.09521484375
5434.30322265625
6611.42529296875
6546.5224609375
6126.34375
6088.654296875
6148.90966796875
5956.7353515625
5728.77587890625
5543.875
5522.8134765625
5521.712890625
5400.671875
5237.15283203125
5291.67529296875
5189.33837890625
5152.01123046875
6222.7421875
6457.78466796875
6187.72998046875
5936.9189453125
5776.970703125
5586.14697265625
5422.22021484375
5135.94970703125
5225.80859375
5006.935546875
4826.478515625
4947.4013671875
4784.09912109375
4691.548828125
4643.67919921875
4480.51220703125
4475.36669921875
4492.62060546875
4377.9013671875
4319.345703125
4383.49169921875
4319.93701171875
4091.970458984375
4304.8642578125
4124.69140625
3971.353759765625
4195.0419921875
4004.946533203125
3922.159912109375
3894.969970703125
3897.03759765625
3823.0830078125
3887.051025390625
3831.25634765625
3637.08056640625
3740.320556640625
3630.375732421875
3619.895751953125
3646.896240234375
3562.79736328125
3473.060791015625
3364.939208984375
3570.69970703125
3301.194091796875
3420.986572265625
3482.974853515625
3299.4541015625
3352.261962890625
3231.751953125
3261.40234375
3334.80517578125
3187.690673828125
3257.768310546875
3148.199951171875
3209.246826171875
3067.402099609375
2980.17919921875
3069.33984375
3211.1611328125
2897.422607421875
3198.406005859375
2920.152587890625
3088.001708984375
2936.172607421875
3072.393310546875
2857.14453125
2955.997802734375
2755.863037109375
2812.718994140625
2819.93359375
2857.295166015625
2875.585205078125
2766.177490234375
2947.365966796875
2855.5654296875
2747.54833984375
2680.552490234375
2782.42822265625
2637.0322265625
2725.182373046875
2557.95556640625
2766.23193359375
2653.60302734375
2701.75341796875
2675.48095703125
2710.806396484375
2789.186279296875
2547.5361328125
2454.703125
2696.51611328125
2588.73388671875
2532.091064453125
2583.90625
2631.45361328125
2480.136962890625
2498.73974609375
2476.42333984375
2400.98974609375
2559.387451171875
2635.34130859375
2554.077392578125
2296.410400390625
2492.015869140625
2475.70458984375
2455.18701171875
2496.666259765625
2371.89111328125
2570.8388671875
2433.162353515625
2288.150634765625
2458.092529296875
2573.034423828125
2368.594482421875
2190.104248046875
2461.809326171875
2228.534423828125
2389.3349609375
2357.2568359375
2265.72412109375
2319.47998046875
2340.328125
2262.726806640625
2273.01123046875
2292.410400390625
2099.552490234375
2288.47216796875
2315.007080078125
2375.386962890625
2366.733154296875
2231.01123046875
2209.333740234375
2053.563232421875
2169.001220703125
2459.85302734375
2336.5078125
2195.6728515625
2450.085205078125
2191.056640625
2292.75244140625
2141.288330078125
2172.94921875
2135.11767578125
2098.183837890625
2171.105224609375
2127.556396484375
2306.82861328125
2179.6279296875
2212.060546875
2066.80419921875
1985.465087890625
2036.45947265625
1996.99169921875
1982.0604248046875
2346.967041015625
2159.859619140625
2012.5894775390625
2183.232666015625
2077.04638671875
2213.895751953125
1977.7435302734375
2114.1044921875
1943.035888671875
1881.5526123046875
2097.85302734375
2304.193359375
1994.037353515625
1941.86669921875
2078.897216796875
1994.9439697265625
1986.8314208984375
2018.242431640625
2051.495849609375
1859.548095703125
2000.9365234375
1928.4290771484375
1896.323974609375
2130.635498046875
2116.9208984375
1987.785400390625
1922.2713623046875
2109.74365234375
2001.28955078125
1946.431396484375
1916.806396484375
1893.423583984375
1908.1195068359375
1863.587646484375
1979.3489990234375
1904.3919677734375
1967.6678466796875
1919.713623046875
1940.515380859375
1915.9056396484375
1894.27880859375
1889.5465087890625
2053.5810546875
1964.84619140625
1985.0257568359375
1977.52587890625
1919.14990234375
1867.5606689453125
1898.7877197265625
1870.6529541015625
1760.158447265625
1772.981201171875
1856.6981201171875
1902.0460205078125
1712.6434326171875
1797.9183349609375
1803.216796875
1938.1192626953125
1892.3194580078125
1758.642578125
1758.71435546875
1887.1357421875
1754.3548583984375
1771.525634765625
1688.1302490234375
1695.5506591796875
1715.3782958984375
1700.584228515625
1800.6240234375
1749.1431884765625
1813.7388916015625
1756.5506591796875
1752.090576171875
1908.497802734375
1681.0662841796875
1816.830322265625
1600.896484375
1724.4998779296875
1674.1165771484375
1873.0113525390625
1701.7252197265625
1824.8883056640625
1701.069580078125
siamese_losses
1198.0362548828125
1189.3118896484375
1159.29736328125
1124.2225341796875
1091.642333984375
1084.3663330078125
1057.01513671875
1075.002197265625
1064.6597900390625
1049.016357421875
1044.2081298828125
1130.345703125
1069.3740234375
1061.4261474609375
1041.7926025390625
1005.6015625
988.42431640625
960.10107421875
943.2341918945312
898.89208984375
1091.7349853515625
1080.495361328125
1011.9611206054688
1005.024169921875
1013.769775390625
983.1233520507812
945.2471923828125
914.0999755859375
911.126953125
910.798828125
889.3095092773438
863.3076171875
871.7443237304688
854.6455688476562
848.4727783203125
1027.7537841796875
1069.0380859375
1023.9269409179688
982.4888305664062
956.4318237304688
924.2376098632812
896.6971435546875
849.445556640625
863.8810424804688
827.3833618164062
797.5626831054688
817.2726440429688
790.6004638671875
775.2416381835938
767.7041015625
740.3765869140625
739.3048706054688
741.3897705078125
722.9276733398438
713.1788330078125
724.0263671875
713.521240234375
675.489013671875
710.2622680664062
680.796630859375
655.2086181640625
691.7661743164062
660.249755859375
647.0914306640625
642.7904663085938
642.7922973632812
630.3782348632812
641.2191162109375
631.48486328125
599.4954833984375
616.4407348632812
598.4743041992188
596.7066650390625
601.279296875
587.1763305664062
572.5300903320312
554.3275146484375
588.3390502929688
543.837890625
563.380859375
574.293701171875
543.9396362304688
552.5567626953125
532.61181640625
537.6301879882812
549.7916259765625
525.4491577148438
537.0733032226562
518.6813354492188
528.8222045898438
505.17315673828125
491.1568908691406
505.6560974121094
528.9422607421875
476.7850341796875
526.9923706054688
480.225341796875
508.7078857421875
483.3400573730469
506.1024475097656
470.328857421875
486.9311218261719
453.63201904296875
463.06591796875
464.1439514160156
470.68170166015625
473.62542724609375
455.4594421386719
485.509521484375
470.3160095214844
452.18438720703125
441.44439697265625
458.2156982421875
433.74127197265625
448.31976318359375
420.7054138183594
455.4855041503906
436.5704650878906
444.547119140625
440.23089599609375
445.9029235839844
459.095458984375
418.76080322265625
403.3757019042969
443.3665771484375
425.748779296875
416.3352966308594
424.7157897949219
432.7497863769531
407.7193603515625
410.9216003417969
407.1708679199219
394.5174255371094
420.72406005859375
433.6206970214844
420.00213623046875
377.1792297363281
409.6995544433594
406.9266662597656
403.43621826171875
410.5914001464844
389.63446044921875
422.5519714355469
399.940185546875
375.9270324707031
404.2609558105469
423.228271484375
389.1634521484375
359.58673095703125
404.8968505859375
365.9952087402344
392.9177551269531
387.1650085449219
371.88946533203125
381.0186767578125
384.5552062988281
371.6261901855469
373.37933349609375
376.6152648925781
344.66162109375
376.0197448730469
380.3960266113281
390.38623046875
388.70880126953125
366.2176208496094
362.7459411621094
336.8537292480469
356.1109924316406
404.2466735839844
383.9816589355469
360.5637512207031
402.6469421386719
359.9317321777344
376.5462646484375
351.4173583984375
356.4931335449219
350.0776062011719
344.1054382324219
356.1605224609375
348.77532958984375
378.75787353515625
357.74700927734375
363.23626708984375
339.0089111328125
325.3404846191406
333.6353454589844
327.2293701171875
324.660400390625
385.3595275878906
354.7076721191406
329.96917724609375
358.3456726074219
340.701416015625
363.27655029296875
324.0836486816406
346.7617492675781
318.3368835449219
308.0270690917969
344.1978759765625
378.523681640625
326.75732421875
317.94976806640625
340.6625061035156
326.70953369140625
325.489013671875
330.7337646484375
336.4057922363281
304.2220153808594
327.9365234375
315.8944091796875
310.4447021484375
349.52520751953125
346.6846618652344
325.79315185546875
314.9747009277344
346.1288757324219
328.1864318847656
318.9871826171875
313.81317138671875
309.9539489746094
312.68170166015625
304.86663818359375
324.094482421875
311.4981384277344
320.7890625
314.0723876953125
317.6948547363281
313.6319580078125
310.04986572265625
308.8179016113281
336.4765319824219
321.93621826171875
325.1058654785156
323.50103759765625
314.14666748046875
305.462890625
310.9310302734375
306.2715148925781
287.7374572753906
289.82049560546875
303.72235107421875
311.1767272949219
279.8614807128906
294.0096435546875
294.7466125488281
317.2403259277344
309.6917419433594
287.5719299316406
287.0767517089844
308.7340087890625
286.5483093261719
289.322509765625
275.638427734375
277.0801696777344
280.22662353515625
277.7898864746094
294.42730712890625
286.1064758300781
296.8211364746094
287.3281555175781
286.36798095703125
312.515625
274.43939208984375
297.03106689453125
260.9878234863281
281.8276672363281
273.44952392578125
306.278564453125
277.6473693847656
298.5170593261719
277.8963623046875
validation_losses
32595.275390625
25186.8359375
32329.611328125
27535.4375
19310.2734375
23338.6328125
11376.814453125
15168.1435546875
11261.18359375
9773.3828125
7680.169921875
11789.611328125
15335.6591796875
13832.427734375
10189.9619140625
12323.3837890625
8411.3330078125
6849.41064453125
8378.5791015625
7711.11669921875
7062.28125
9026.189453125
9016.1298828125
14071.474609375
9544.3017578125
9049.80078125
9962.5703125
9182.69140625
validation_accuracies0.5
1.0
0.75
0.75
0.5
1.0
0.75
1.0
0.75
0.5
1.0
1.0
0.75
1.0
1.0
1.0
1.0
1.0
1.0
0.75
1.0
1.0
1.0
1.0
1.0
1.0
1.0
1.0
(Computation error for validation accuracies!!, but that's okay coz they're not used for early stopping)