trained with learning rate 0.0001, batch size 8, planned epochs 1000 but only took 309 epochs.training_losses
939.9086303710938
931.5720825195312
930.407958984375
929.6930541992188
929.2451171875
928.8079223632812
928.569091796875
928.3413696289062
927.9825439453125
927.7545166015625
927.6209716796875
927.4517211914062
927.3329467773438
927.19775390625
927.1419067382812
926.93701171875
926.803955078125
926.75244140625
926.7316284179688
926.5620727539062
926.5067749023438
926.3895874023438
926.33642578125
926.2618408203125
926.1876220703125
926.158203125
926.0599975585938
926.0490112304688
925.9729614257812
925.935546875
925.9108276367188
925.818359375
925.7725219726562
925.76220703125
925.7583618164062
925.6686401367188
925.647216796875
925.595703125
925.6131591796875
925.5094604492188
925.4894409179688
925.4673461914062
925.4526977539062
925.3914794921875
925.3930053710938
925.3114013671875
925.3606567382812
925.2520141601562
925.2598876953125
925.2555541992188
925.230712890625
925.196044921875
925.1754150390625
925.146240234375
925.1617431640625
925.083740234375
925.0958251953125
925.0330810546875
925.0283813476562
924.9937744140625
925.0160522460938
924.9721069335938
924.9523315429688
924.9337768554688
924.9478759765625
924.9263916015625
924.9134521484375
924.8775024414062
924.866455078125
924.8629760742188
924.8082885742188
924.8074340820312
924.802001953125
924.7557983398438
924.7904663085938
924.735107421875
924.7205810546875
924.7313842773438
924.702880859375
924.6869506835938
924.6705322265625
924.6902465820312
924.6334228515625
924.638427734375
924.6258544921875
924.6455688476562
924.5720825195312
924.5927124023438
924.5623168945312
924.5587768554688
924.5476684570312
924.5604248046875
924.5371704101562
924.5233154296875
924.4942016601562
924.4873657226562
924.4933471679688
924.4524536132812
924.4755859375
924.4445190429688
924.4511108398438
924.4196166992188
924.4288940429688
924.4389038085938
924.3841552734375
924.4115600585938
924.363525390625
924.3651733398438
924.3875732421875
924.3599853515625
924.3327026367188
924.354736328125
924.314453125
924.3252563476562
924.292724609375
924.3095092773438
924.2981567382812
924.2815551757812
924.2781372070312
924.28125
924.279541015625
924.2689819335938
924.2564697265625
924.2296142578125
924.2239990234375
924.2275390625
924.2158203125
924.24755859375
924.1836547851562
924.1889038085938
924.1881103515625
924.1717529296875
924.18359375
924.2091674804688
924.1394653320312
924.14111328125
924.1344604492188
924.1443481445312
924.1455078125
924.0985107421875
924.1079711914062
924.1226806640625
924.0966186523438
924.102294921875
924.0908203125
924.0791015625
924.089111328125
924.0802612304688
924.0686645507812
924.060791015625
924.082763671875
924.031982421875
924.0525512695312
924.04638671875
924.033935546875
924.03076171875
924.0255126953125
924.0254516601562
924.014404296875
923.9935302734375
923.9970092773438
923.9901123046875
923.98486328125
923.9842529296875
923.9784545898438
923.9743041992188
924.0123901367188
923.9475708007812
923.959716796875
923.9421997070312
923.9521484375
923.9701538085938
923.9319458007812
923.9370727539062
923.92236328125
923.9183349609375
923.9159545898438
923.9213256835938
923.8941040039062
923.9058227539062
923.8994750976562
923.9385375976562
923.896728515625
923.8720092773438
923.8718872070312
923.86962890625
923.8773803710938
923.8848266601562
923.8408203125
923.8529052734375
923.8571166992188
923.8418579101562
923.841064453125
923.8455200195312
923.830078125
923.8391723632812
923.816650390625
923.813232421875
923.8276977539062
923.8001708984375
923.8118896484375
923.7919311523438
923.803955078125
923.785400390625
923.7820434570312
923.7793579101562
923.8048095703125
923.7859497070312
923.7634887695312
923.796875
923.7649536132812
923.7672119140625
923.7498168945312
923.7659912109375
923.74609375
923.7403564453125
923.7677612304688
923.7530517578125
923.7296142578125
923.7493286132812
923.7153930664062
923.74365234375
923.7129516601562
923.7115478515625
923.71435546875
923.7109375
923.7174682617188
923.7008056640625
923.7014770507812
923.7142944335938
923.7021484375
923.6934814453125
923.6795654296875
923.6939086914062
923.6866455078125
923.701904296875
923.6578979492188
923.683837890625
923.65576171875
923.6554565429688
923.6896362304688
923.644775390625
923.6435546875
923.6699829101562
923.646484375
923.6585693359375
923.646240234375
923.6278076171875
923.6373901367188
923.656005859375
923.6283569335938
923.6239624023438
923.6461791992188
923.6196899414062
923.6053466796875
923.603759765625
923.6058959960938
923.6201782226562
923.6116333007812
923.5997924804688
923.6038208007812
923.5846557617188
923.593017578125
923.5967407226562
923.600830078125
923.5797119140625
923.57470703125
923.65869140625
923.5753173828125
923.5753173828125
923.559814453125
923.6752319335938
923.5955810546875
923.5626220703125
923.5906372070312
923.536865234375
923.5574951171875
923.5532836914062
923.556396484375
923.5518188476562
923.5490112304688
923.5655517578125
923.5282592773438
923.5620727539062
923.5279541015625
923.543212890625
923.5363159179688
923.5322875976562
923.5256958007812
923.5164184570312
923.5208740234375
923.532958984375
923.518798828125
923.5078125
923.51123046875
923.5051879882812
923.5272827148438
923.5029296875
923.4996948242188
923.507080078125
923.5030517578125
923.4838256835938
923.5060424804688
923.495849609375
923.47119140625
923.4683837890625
923.4822998046875
923.48486328125
923.4739379882812
923.4716186523438
validation_losses
465.6574401855469
463.6333923339844
462.7470703125
462.4768981933594
462.2873840332031
462.26422119140625
462.0858459472656
462.0545959472656
461.9791564941406
461.8973388671875
462.3734436035156
461.8650817871094
461.81201171875
461.8004455566406
461.7737121582031
461.74749755859375
461.67962646484375
461.6963806152344
461.6889343261719
461.6724853515625
461.6786804199219
461.6095886230469
461.6154479980469
461.62548828125
461.6210021972656
461.5953063964844
461.5921630859375
461.587890625
461.5832824707031
461.61614990234375
461.580322265625
461.83673095703125
