Total loss for testset is: 0.9692357800668105

trained with learning rate 0.0001, batch size 8, planned epochs 1000 but only took 490 epochs.training_losses
22.781818389892578
13.86196517944336
12.766849517822266
12.076837539672852
11.63817024230957
11.239797592163086
10.959114074707031
10.692078590393066
10.483930587768555
10.315726280212402
10.184952735900879
10.025636672973633
9.917811393737793
9.770736694335938
9.667818069458008
9.618061065673828
9.51425838470459
9.421018600463867
9.338727951049805
9.249786376953125
9.200265884399414
9.181770324707031
9.061240196228027
9.018239974975586
8.971817970275879
8.897000312805176
8.850327491760254
8.820449829101562
8.751045227050781
8.721305847167969
8.677903175354004
8.609416007995605
8.586359977722168
8.566043853759766
8.529884338378906
8.49094295501709
8.445487976074219
8.422198295593262
8.376795768737793
8.346976280212402
8.315435409545898
8.283109664916992
8.276180267333984
8.254178047180176
8.207551002502441
8.191739082336426
8.153884887695312
8.11244010925293
8.09371566772461
8.089674949645996
8.041627883911133
8.055634498596191
8.015166282653809
7.995849609375
7.9719038009643555
7.947197914123535
7.934690952301025
7.934442520141602
7.888629913330078
7.877310752868652
7.867526531219482
7.826028347015381
7.818460941314697
7.792271614074707
7.770851135253906
7.778151035308838
7.75937032699585
7.73736572265625
7.719303607940674
7.731786251068115
7.684788227081299
7.638885021209717
7.6678972244262695
7.6620683670043945
7.648860454559326
7.644737720489502
7.596200466156006
7.603269100189209
7.589819431304932
7.559759616851807
7.558633804321289
7.54927396774292
7.525331974029541
7.498866558074951
7.4959516525268555
7.467818260192871
7.486866474151611
7.491186141967773
7.458954334259033
7.445831775665283
7.4295477867126465
7.429121017456055
7.4168782234191895
7.4074320793151855
7.401778697967529
7.390162944793701
7.381529331207275
7.354321002960205
7.348971366882324
7.3278632164001465
7.3356523513793945
7.308309555053711
7.30951452255249
7.284595012664795
7.283593654632568
7.287854194641113
7.269122123718262
7.268102645874023
7.254708290100098
7.268017768859863
7.212262153625488
7.2183837890625
7.239546298980713
7.214040279388428
7.221226692199707
7.217947959899902
7.175197124481201
7.175254821777344
7.166893005371094
7.1523308753967285
7.150430679321289
7.15151309967041
7.170395851135254
7.123608112335205
7.138567924499512
7.130889892578125
7.103791236877441
7.087017059326172
7.102978229522705
7.121720790863037
7.0889177322387695
7.07555627822876
7.083678245544434
7.065736770629883
7.054957866668701
7.06754732131958
7.047051906585693
7.023497104644775
7.043067932128906
7.029571533203125
7.05346155166626
7.017185211181641
7.004652976989746
7.008039951324463
6.997587203979492
6.991465091705322
6.986417293548584
6.9746856689453125
6.970038414001465
6.965140342712402
6.972216606140137
6.9588823318481445
6.956015110015869
6.961841583251953
6.92857027053833
6.94705867767334
6.935060977935791
6.928869724273682
6.9215850830078125
6.901927947998047
6.89143180847168
6.907193183898926
6.889120101928711
6.891971111297607
6.885033130645752
6.881618022918701
6.8648505210876465
6.861926078796387
6.860843658447266
6.841014862060547
6.869631767272949
6.81846284866333
6.828787803649902
6.827319622039795
6.83405876159668
6.822656154632568
6.805460453033447
6.824801445007324
6.822265625
6.805678367614746
6.812071323394775
6.798335552215576
6.787971019744873
6.786554336547852
6.786412239074707
6.775753974914551
6.7651519775390625
6.757718086242676
6.746821880340576
6.758399486541748
6.73429012298584
6.777259349822998
6.770997524261475
6.737183570861816
6.697376251220703
6.720959663391113
6.736316680908203
6.734862327575684
6.731589317321777
6.719944953918457
6.730629920959473
6.714631080627441
6.72076940536499
6.711203098297119
6.698542594909668
6.689825057983398
6.680487155914307
6.668128490447998
6.693649768829346
6.6727495193481445
6.665635585784912
6.674722671508789
6.676629543304443
6.657651901245117
6.662608623504639
6.649723529815674
6.646702289581299
6.647463321685791
6.653054714202881
6.637867450714111
6.639446258544922
6.636666774749756
6.638996124267578
6.628722190856934
6.6197829246521
6.629238128662109
6.634265899658203
6.6142048835754395
6.618077754974365
6.607922077178955
6.619842529296875
6.613473415374756
6.598779201507568
6.578300952911377
6.598202705383301
6.5918660163879395
6.584629535675049
6.5948591232299805
6.592382431030273
6.570127487182617
6.573412895202637
6.549679279327393
6.552412509918213
6.556779384613037
6.541979789733887
6.556662559509277
6.5648627281188965
6.549445629119873
6.552847385406494
6.550709247589111
6.537986755371094
6.553886413574219
6.5348968505859375
6.528141975402832
6.515732765197754
6.550754070281982
6.52495002746582
6.520669460296631
6.534545421600342
6.510614395141602
6.523443222045898
6.51771879196167
6.524225234985352
6.503475666046143
6.501001834869385
6.51523494720459
6.491506576538086
6.49375057220459
6.502821922302246
6.491868019104004
6.492354393005371
6.4709391593933105
6.474111080169678
6.478867053985596
6.488487720489502
6.4715728759765625
6.468473434448242
6.476628303527832
6.456695556640625
6.456210136413574
6.482705593109131
6.428647041320801
6.448111057281494
6.453732013702393
6.46890115737915
6.443187236785889
6.444818496704102
6.45701265335083
6.452065467834473
6.444272518157959
6.449619293212891
6.440990447998047
6.428444862365723
6.44675874710083
6.43093729019165
6.435561656951904
6.438569068908691
6.426765441894531
6.434897422790527
6.41886568069458
6.393338203430176
6.41441535949707
6.4076690673828125
6.425371170043945
6.389365196228027
6.400524616241455
6.416378498077393
6.404305934906006
6.38854455947876
6.394831657409668
6.408671855926514
6.394224166870117
6.404390335083008
6.386547088623047
6.364857196807861
6.382960319519043
6.3924102783203125
6.35308313369751
6.369556903839111
6.380949974060059
6.354448318481445
6.359716892242432
6.369114875793457
6.366243362426758
6.347373008728027
6.347317218780518
6.346545219421387
6.36562967300415
6.352259159088135
6.356922626495361
6.365329742431641
6.33314847946167
6.321136474609375
6.339667320251465
6.350612163543701
6.342925071716309
6.3277506828308105
6.331222057342529
6.336997985839844
6.3305277824401855
6.324429035186768
6.316314697265625
6.331964492797852
6.337484359741211
6.307206630706787
6.335136413574219
6.320616722106934
6.314838409423828
6.298914909362793
6.292666912078857
6.311273574829102
6.312121868133545
6.293508529663086
6.3171000480651855
6.287296772003174
6.286239147186279
6.266957759857178
6.295567512512207
6.257551670074463
6.281705379486084
6.2772417068481445
6.293921947479248
6.283623695373535
6.2735748291015625
6.2725372314453125
6.286337852478027
6.2825164794921875
6.2622151374816895
6.286362648010254
6.268105983734131
6.265173435211182
6.265645980834961
6.264012336730957
6.259101390838623
6.25480842590332
6.254733085632324
6.23343563079834
6.247821807861328
6.231274127960205
6.252186298370361
6.249487400054932
6.25335168838501
6.248102188110352
6.2257513999938965
6.2319793701171875
6.25686502456665
6.2479248046875
6.216346263885498
6.246057987213135
6.212591171264648
6.237286567687988
6.236008644104004
6.236684799194336
6.2187066078186035
6.2471466064453125
6.232252597808838
6.2137956619262695
6.2177276611328125
6.226138114929199
6.224455833435059
6.227040767669678
6.204375743865967
6.215446472167969
6.207663536071777
6.212118148803711
6.174613952636719
6.208724498748779
6.204604625701904
6.190682411193848
6.187382221221924
6.216617107391357
6.180027484893799
6.205402851104736
6.188039302825928
6.191348552703857
6.203286647796631
6.197066307067871
6.178333282470703
6.192529678344727
6.187136650085449
6.18552827835083
6.189413070678711
6.211362838745117
6.169445991516113
6.18651819229126
6.178861141204834
6.1864094734191895
6.179013252258301
6.181728839874268
6.183438777923584
6.167246341705322
6.176533222198486
6.191596984863281
6.168496131896973
6.174291133880615
6.151317119598389
6.1693196296691895
6.156336307525635
6.164945125579834
6.177232265472412
6.162728786468506
6.169724941253662
6.132033348083496
6.1629862785339355
6.158917427062988
6.162386417388916
6.152425289154053
6.153575897216797
6.161509037017822
6.146751403808594
6.1406145095825195
6.126863956451416
6.156607627868652
6.130875587463379
6.140958309173584
6.131684303283691
6.132140636444092
6.1359477043151855
6.130243301391602
6.155488967895508
6.138955116271973
6.127501964569092
6.123958587646484
6.124124050140381
6.130068778991699
6.125028133392334
6.1204376220703125
6.1273393630981445
6.121156692504883
6.1230292320251465
6.104086399078369
6.108320713043213
6.117374420166016
6.122663497924805
6.115785598754883
6.091394424438477
6.101306438446045
6.096529006958008
6.093836307525635
6.127692699432373
6.105783462524414
6.1170830726623535
6.110193729400635
6.102914333343506
6.10415506362915
6.104492664337158
6.108564853668213
6.118536949157715
6.101290702819824
6.116562843322754
6.108473777770996
validation_losses
7.435366153717041
5.090261459350586
4.603330135345459
4.339426040649414
4.203038215637207
4.035878658294678
3.982304811477661
3.8499832153320312
3.7903027534484863
3.7361083030700684
3.6756842136383057
3.648775577545166
3.6441311836242676
3.5697591304779053
3.546116352081299
3.5378811359405518
3.4971165657043457
3.463608741760254
3.419857978820801
3.4309887886047363
3.4228591918945312
3.417325019836426
3.3645410537719727
3.3475747108459473
3.328468084335327
3.371619462966919
3.305068254470825
3.2965502738952637
3.3076651096343994
3.4852075576782227
3.2500903606414795
3.2412312030792236
3.224172592163086
3.2340800762176514
3.2178688049316406
3.2954866886138916
3.2380964756011963
3.2055375576019287
3.189662456512451
3.132519006729126
3.161506175994873
3.1812002658843994
3.1891531944274902
3.1405115127563477
3.124363899230957
3.115448236465454
3.1460726261138916
3.128427028656006
3.112156867980957
3.1040639877319336