trained with learning rate 0.0001, batch size 8, planned epochs 1000 but only took 130 epochs.training_losses
261.32623291015625
260.7117919921875
260.6302490234375
260.58843994140625
260.5490417480469
260.5308532714844
260.5049133300781
260.46417236328125
260.4563293457031
260.43646240234375
260.4140930175781
260.4049987792969
260.3830261230469
260.36749267578125
260.3468322753906
260.3243408203125
260.2861328125
260.2488708496094
260.2169189453125
260.1751708984375
260.10235595703125
260.050048828125
259.9798278808594
259.88214111328125
259.7769775390625
259.6606140136719
259.54913330078125
259.3719482421875
259.2352600097656
259.1012268066406
258.94482421875
258.78216552734375
258.64453125
258.4784851074219
258.3009948730469
258.14044189453125
258.0515441894531
257.9490051269531
257.8292541503906
257.72369384765625
257.6083068847656
257.5260009765625
257.45849609375
257.3791809082031
257.29290771484375
257.2347412109375
257.1523742675781
257.09197998046875
257.037353515625
256.9934997558594
256.9471130371094
256.87530517578125
256.845703125
256.7955627441406
256.76019287109375
256.750244140625
256.6926574707031
256.6628112792969
256.6440124511719
256.6153259277344
256.5958251953125
256.5757141113281
256.5604553222656
256.53631591796875
256.52130126953125
256.4825134277344
256.4866027832031
256.4778747558594
256.4587097167969
256.4363098144531
256.42547607421875
256.4217529296875
256.4110107421875
256.408935546875
256.385009765625
256.39251708984375
256.3599548339844
256.3515625
256.35711669921875
256.329345703125
256.33575439453125
256.32958984375
256.3248291015625
256.31591796875
256.29974365234375
256.3028259277344
256.294677734375
256.2939758300781
256.28363037109375
256.2757568359375
256.26611328125
256.2757873535156
256.2635498046875
256.2687683105469
256.2522277832031
256.2475280761719
256.2452392578125
256.2413330078125
256.2435302734375
256.23651123046875
256.2353515625
256.2353820800781
256.2224426269531
256.2162170410156
256.21307373046875
256.21405029296875
256.21337890625
256.2131652832031
256.201904296875
256.1966857910156
256.2041015625
256.1951904296875
256.2142333984375
256.19439697265625
256.185546875
256.18511962890625
256.1827087402344
256.1774597167969
256.18804931640625
256.17926025390625
256.17742919921875
256.18218994140625
256.17303466796875
256.1783447265625
256.1714172363281
256.16497802734375
256.1657409667969
256.1686706542969
256.164794921875
256.1725769042969
siamese_losses
93.40664672851562
80.43128967285156
69.84798431396484
60.47018814086914
51.15071105957031
43.78612518310547
37.89860534667969
34.00977325439453
31.168737411499023
29.354963302612305
28.068565368652344
27.586650848388672
26.829662322998047
26.74970054626465
26.336545944213867
26.211071014404297
26.120349884033203
26.210657119750977
26.13339614868164
26.040542602539062
26.127029418945312
25.9339542388916
26.1324520111084
25.938295364379883
25.95510482788086
25.996959686279297
25.87112808227539
25.889110565185547
26.031597137451172
26.037708282470703
25.904504776000977
26.118690490722656
25.98911476135254
25.91228675842285
25.94586944580078
25.90120506286621
25.931884765625
25.793764114379883
25.860445022583008
25.91078758239746
25.909666061401367
25.958086013793945
26.020233154296875
25.8918399810791
25.999635696411133
25.901317596435547
25.80077362060547
25.90556526184082
25.903167724609375
25.840707778930664
25.952762603759766
25.987030029296875
25.88030242919922
25.882455825805664
25.855396270751953
25.9395751953125
25.86968994140625
25.833555221557617
25.936582565307617
25.806529998779297
25.903390884399414
25.764453887939453
25.947725296020508
25.904016494750977
25.876388549804688
25.768831253051758
25.797508239746094
25.87811851501465
25.90047836303711
25.933975219726562
25.849393844604492
25.95551300048828
25.921281814575195
25.88357925415039
25.86789321899414
25.938634872436523
25.846843719482422
25.887924194335938
25.862159729003906
25.78449821472168
25.88984489440918
25.77956199645996
25.984540939331055
25.914796829223633
25.882835388183594
25.869672775268555
25.868270874023438
25.817434310913086
25.8360595703125
25.868549346923828
25.868186950683594
25.8587646484375
25.88964080810547
25.896926879882812
25.895732879638672
25.895523071289062
25.87632942199707
25.870996475219727
25.845426559448242
25.863569259643555
25.908496856689453
25.821619033813477
25.851764678955078
25.872333526611328
25.766983032226562
25.81410789489746
25.833518981933594
25.86931800842285
25.868772506713867
25.843090057373047
25.856613159179688
25.875045776367188
25.800235748291016
25.835840225219727
25.821739196777344
25.852460861206055
25.841552734375
25.83883285522461
25.828750610351562
25.840700149536133
25.883289337158203
25.80495834350586
25.858505249023438
25.84821891784668
25.880990982055664
25.859912872314453
25.882633209228516
25.816198348999023
25.866291046142578
25.85948371887207
validation_losses
130.41189575195312
130.2322998046875
130.09632873535156
129.51296997070312
128.9034423828125
128.6189727783203
128.46119689941406
128.38861083984375
128.3462677001953
128.3184814453125
128.29794311523438
128.28797912597656
128.28558349609375
128.27801513671875
