trained with learning rate 0.0001, batch size 8, planned epochs 1000 but only took 260 epochs.training_losses
361.23736572265625
345.6893310546875
335.2001953125
324.11199951171875
314.0886535644531
305.2441101074219
299.1551208496094
294.81158447265625
291.8778076171875
289.9028015136719
288.43426513671875
287.8477478027344
287.2289733886719
286.855224609375
286.78216552734375
286.63812255859375
286.4104919433594
286.20269775390625
286.39453125
286.32763671875
286.1559143066406
286.1600036621094
286.0970764160156
286.0202941894531
285.8464050292969
285.81170654296875
285.69903564453125
285.53387451171875
285.36431884765625
285.3020935058594
285.0773620605469
284.78521728515625
284.6858215332031
284.53369140625
284.2940979003906
284.10284423828125
283.9884948730469
283.9188232421875
283.8296813964844
283.6868591308594
283.6519775390625
283.6114807128906
283.47955322265625
283.27099609375
283.19134521484375
283.1519775390625
283.0781555175781
282.9851379394531
282.83648681640625
282.9172668457031
282.9011535644531
282.86029052734375
282.7398986816406
282.703125
282.6298828125
282.67132568359375
282.668701171875
282.6094970703125
282.5491027832031
282.5332946777344
282.569580078125
282.45904541015625
282.4861145019531
282.416259765625
282.4660339355469
282.4171142578125
282.4261169433594
282.4389953613281
282.38616943359375
282.39886474609375
282.334228515625
282.2791748046875
282.2586669921875
282.2926330566406
282.3367614746094
282.2279052734375
282.2347412109375
282.30029296875
282.1763610839844
282.2261962890625
282.2436828613281
282.2537536621094
282.1761779785156
282.18994140625
282.1994323730469
282.1369323730469
282.1193542480469
282.1478576660156
282.1470947265625
282.1557312011719
282.1444396972656
282.1743469238281
282.0975341796875
282.1308898925781
282.190185546875
282.1296691894531
282.1763610839844
282.1589660644531
282.0986022949219
282.1295166015625
282.0887145996094
282.16552734375
282.0836181640625
282.086181640625
282.0055847167969
282.0836486816406
282.1035461425781
282.0589599609375
282.0796203613281
282.063232421875
282.09521484375
282.1079406738281
282.0592041015625
282.0654296875
282.0828857421875
282.0081787109375
282.0741271972656
282.0315856933594
282.0409851074219
282.0251159667969
281.9953918457031
282.0779724121094
281.97998046875
282.02001953125
282.05242919921875
282.0586853027344
282.0659484863281
281.9723815917969
282.0289306640625
282.0793151855469
282.0277404785156
281.9878845214844
282.0169982910156
281.9788818359375
282.00054931640625
282.01336669921875
281.9732971191406
281.9865417480469
282.0324401855469
282.0097961425781
281.9956970214844
282.00042724609375
281.9983215332031
281.9764709472656
281.9808654785156
281.98138427734375
282.0075378417969
282.04302978515625
281.9932556152344
282.029052734375
281.9754638671875
282.01837158203125
281.94085693359375
282.0126647949219
282.0300598144531
281.9989929199219
282.0025939941406
281.9808349609375
282.0033264160156
282.0040588378906
281.9740295410156
281.966552734375
281.9833984375
281.9853820800781
281.96368408203125
281.9052429199219
282.0098876953125
281.953857421875
281.9945983886719
281.9715270996094
281.9558410644531
282.0190734863281
281.9374084472656
281.9527893066406
281.9773254394531
281.9775390625
281.94024658203125
281.9398498535156
281.9463195800781
282.0057067871094
281.8944091796875
281.9291076660156
281.9339599609375
282.0159606933594
281.9795227050781
281.970947265625
281.9345397949219
281.9689636230469
281.98687744140625
281.91168212890625
281.9766540527344
281.9386291503906
281.9674072265625
281.9294738769531
281.9055480957031
281.910888671875
281.9576416015625
281.9378662109375
281.9372863769531
281.93011474609375
281.90814208984375
281.92010498046875
281.88824462890625
281.92401123046875
281.9378967285156
281.904052734375
281.9281921386719
281.9429931640625
281.8753356933594
281.94940185546875
281.9301452636719
281.924072265625
281.8968505859375
281.9114685058594
281.920166015625
281.900146484375
281.8606262207031
281.89727783203125
281.90606689453125
281.9244079589844
281.9042053222656
281.9022216796875
281.9330139160156
281.896728515625
281.8801574707031
281.9056396484375
281.8463134765625
281.8852844238281
281.8143615722656
281.9009094238281
281.9114990234375
281.8619384765625
281.9272766113281
281.8896789550781
281.8815002441406
281.85406494140625
281.89990234375
281.8860168457031
281.9189758300781
281.8629150390625
281.85345458984375
281.8921813964844
281.9300537109375
281.8936462402344
281.9006652832031
281.8763122558594
281.8614807128906
281.8968811035156
281.85931396484375
281.8652038574219
281.8830261230469
281.84222412109375
281.88214111328125
281.8448181152344
281.885009765625
281.8680419921875
281.8976745605469
281.84490966796875
281.87353515625
281.8537292480469
siamese_losses
validation_losses
130.59600830078125
130.25538635253906
130.14556884765625
129.57589721679688
128.88323974609375
128.5471954345703
128.39022827148438
128.308837890625
128.24993896484375
128.21458435058594
128.20126342773438
128.17294311523438
128.17466735839844
128.1552276611328
128.15451049804688
128.15444946289062
128.14674377441406
128.138916015625
128.1372833251953
128.12881469726562
128.12753295898438
128.11351013183594
128.11477661132812
128.1092529296875
128.10858154296875
128.0981903076172
128.09422302246094
