trained with learning rate 1e-05, batch size 1, planned epochs 1000 but only took 999 epochs.training_losses
1.7395561933517456
1.4511938095092773
1.4364339113235474
1.4335482120513916
1.4327881336212158
1.4324291944503784
1.4321962594985962
1.4320143461227417
1.4318677186965942
1.4317461252212524
1.4316434860229492
1.4315531253814697
1.4314746856689453
1.4314045906066895
1.4313428401947021
1.4312883615493774
1.4312399625778198
1.431196689605713
1.4311587810516357
1.4311245679855347
1.4310941696166992
1.4310673475265503
1.4310433864593506
1.4310219287872314
1.4310027360916138
1.4309855699539185
1.4309699535369873
1.4309561252593994
1.4309433698654175
1.430931806564331
1.4309214353561401
1.4309120178222656
1.4309035539627075
1.4308958053588867
1.4308886528015137
1.4308825731277466
1.4308768510818481
1.4308719635009766
1.430867314338684
1.4308630228042603
1.4308593273162842
1.4308558702468872
1.4308528900146484
1.4308502674102783
1.4308476448059082
1.4308456182479858
1.4308438301086426
1.4308418035507202
1.4308404922485352
1.43083918094635
1.4308381080627441
1.4308372735977173
1.43083655834198
1.4308359622955322
1.430835485458374
1.4308348894119263
1.4308345317840576
1.4308347702026367
1.4308347702026367
1.4308350086212158
1.4308357238769531
1.43083655834198
1.430837631225586
1.430838942527771
1.4308403730392456
1.4308425188064575
1.430844783782959
1.4308478832244873
1.4308520555496216
1.4308574199676514
1.4308642148971558
1.4308730363845825
1.4308857917785645
1.4309031963348389
1.4309293031692505
1.4309678077697754
1.4310224056243896
1.4310708045959473
1.4310524463653564
1.4309684038162231
1.430904746055603
1.4308724403381348
1.4308602809906006
1.4308581352233887
1.430860996246338
1.4308615922927856
1.4308565855026245
1.4308533668518066
1.4308615922927856
1.4308812618255615
1.430903673171997
1.430935263633728
1.4310095310211182
1.4311643838882446
1.4311612844467163
1.4310722351074219
1.4311871528625488
1.431098461151123
1.4312162399291992
1.4313243627548218
1.4311013221740723
1.4310722351074219
1.430985927581787
1.4309794902801514
1.4309395551681519
1.4309117794036865
1.430932879447937
1.430953025817871
1.4309194087982178
1.4308931827545166
1.430904507637024
1.430904507637024
1.4308829307556152
1.4308830499649048
1.430899977684021
1.4308942556381226
1.430883526802063
1.4308967590332031
1.4309122562408447
1.4309076070785522
1.430903673171997
1.4309159517288208
1.4309237003326416
1.4309197664260864
1.4309223890304565
1.430937647819519
1.430945873260498
1.4309412240982056
1.430938482284546
1.4309452772140503
1.4309427738189697
1.4309215545654297
1.430901288986206
1.4308972358703613
1.4308936595916748
1.4308785200119019
1.4308680295944214
1.4308770895004272
1.4308834075927734
1.4308655261993408
1.4308502674102783
1.4308605194091797
1.4308717250823975
1.430856704711914
1.4308485984802246
1.430873990058899
1.4308823347091675
1.4308507442474365
1.4308539628982544
1.4308823347091675
1.4308651685714722
1.4308464527130127
1.430864930152893
1.4308547973632812
1.4308381080627441
1.4308618307113647
1.4308669567108154
1.4308515787124634
1.4308538436889648
1.430853247642517
1.4308526515960693
1.4308674335479736
1.4308719635009766
1.430866003036499
1.4308764934539795
1.4308958053588867
1.4309083223342896
1.430914282798767
1.4309066534042358
1.4309208393096924
1.4309817552566528
1.431019902229309
1.431013584136963
1.431023359298706
1.4310011863708496
1.4309966564178467
1.4309929609298706
1.431008219718933
1.4309810400009155
1.4309465885162354
1.4309446811676025
1.430939793586731
1.430932879447937
1.4309074878692627
1.4308969974517822
1.4308949708938599
1.4308829307556152
1.430869460105896
1.430870532989502
1.4308748245239258
1.4308662414550781
1.4308559894561768
1.4308607578277588
1.4308724403381348
1.4308713674545288
1.430861473083496
1.4308626651763916
1.430873155593872
1.4308762550354004
1.4308767318725586
1.4308803081512451
1.4308773279190063
1.4308679103851318
1.4308736324310303
1.4308944940567017
1.4309083223342896
1.4309074878692627
1.4309043884277344
1.430912971496582
1.430922508239746
1.4309239387512207
1.4309272766113281
1.4309359788894653
1.430946707725525
1.43095064163208
1.4309430122375488
1.4309343099594116
1.4309375286102295
1.4309356212615967
1.4309229850769043
1.4309124946594238
1.430907130241394
1.4309053421020508
1.4309117794036865
1.4309256076812744
1.4309325218200684
1.430917501449585
1.430909514427185
1.4309468269348145
1.43096125125885
1.430922269821167
1.4308984279632568
1.4308942556381226
1.4308823347091675
1.4308706521987915
1.430869698524475
1.4308764934539795
1.4308830499649048
1.4308751821517944
1.4308654069900513
1.4308745861053467
1.430885910987854
1.430885672569275
1.4308840036392212
1.4308785200119019
1.430877685546875
1.430895209312439
1.4309008121490479
1.4308830499649048
1.4308818578720093
1.4308838844299316
1.4308780431747437
1.4308844804763794
1.4308888912200928
1.430880069732666
1.4308770895004272
1.4308806657791138
1.4308841228485107
1.430887222290039
1.4308842420578003
1.4308782815933228
1.4308804273605347
1.4308867454528809
1.430896520614624
1.4309065341949463
1.4309059381484985
1.4309015274047852
1.4309030771255493
1.430898666381836
1.430894136428833
1.4308934211730957
1.4309000968933105
1.4309172630310059
1.4309293031692505
1.4309114217758179
1.4309090375900269
1.430924654006958
1.430891990661621
1.4308812618255615
1.4308876991271973
1.4308797121047974
1.4308764934539795
1.430870771408081
1.43086576461792
1.430862545967102
1.4308634996414185
1.4308700561523438
1.4308732748031616
1.4308713674545288
1.4308725595474243
1.430875539779663
1.430873155593872
1.430869698524475
1.430880069732666
1.430895209312439
1.4308911561965942
1.4308812618255615
1.4308788776397705
1.4308744668960571
1.430882453918457
1.4308980703353882
1.4308942556381226
1.4308868646621704
1.4309059381484985
1.4309438467025757
1.4309386014938354
1.4309285879135132
1.4309459924697876
1.4309288263320923
1.4309331178665161
1.4309438467025757
1.4309662580490112
1.4309555292129517
1.4309269189834595
1.43091881275177
1.4309132099151611
1.4309020042419434
1.4308940172195435
1.4308831691741943
1.4308745861053467
1.4308710098266602
1.4308701753616333
1.4308720827102661
1.4308717250823975
1.4308691024780273
1.4308708906173706
1.4308750629425049
1.4308792352676392
1.4308818578720093
1.4308847188949585
1.4308853149414062
1.4308851957321167
1.4308871030807495
1.4308898448944092
1.430891513824463
1.4308935403823853
1.4308953285217285
1.4308966398239136
1.430895447731018
1.4308924674987793
1.4308916330337524
1.4308961629867554
1.4309041500091553
1.4309114217758179
1.4309101104736328
1.4309049844741821
1.430917501449585
1.4309122562408447
1.4308890104293823
1.4308834075927734
1.4308762550354004
1.4308634996414185
1.430860161781311
1.4308668375015259
1.430870771408081
1.4308658838272095
1.430863618850708
1.430866003036499
1.4308667182922363
1.4308619499206543
1.4308542013168335
1.4308515787124634
1.4308509826660156
1.430851936340332
1.4308557510375977
1.430856466293335
1.4308536052703857
1.4308522939682007
1.4308513402938843
1.4308562278747559
1.4308750629425049
1.4308911561965942
1.4308736324310303
1.4308704137802124
1.4308863878250122
1.4308853149414062
1.4308706521987915
1.430871605873108
1.4308900833129883
1.4308955669403076
1.430887222290039
1.4308792352676392
1.4308738708496094
1.430870771408081
1.4308719635009766
1.4308786392211914
1.4308853149414062
1.4308862686157227
1.4308830499649048
1.4308778047561646
1.430877923965454
1.4308794736862183
1.4308760166168213
1.430871605873108
1.430869460105896
1.430871605873108
1.4308750629425049
1.4308782815933228
1.4308773279190063
1.4308738708496094
1.4308745861053467
1.4308832883834839
1.430895209312439
1.4308998584747314
1.430891752243042
1.4308851957321167
1.4308995008468628
1.4309264421463013
1.4309117794036865
1.4308911561965942
1.4308829307556152
1.4308733940124512
1.4308691024780273
1.430869221687317
1.4308706521987915
1.4308704137802124
1.4308655261993408
1.4308619499206543
1.4308699369430542
1.4308825731277466
1.4308892488479614
1.4308795928955078
1.4308747053146362
1.4308871030807495
1.4308818578720093
1.43086576461792
1.4308680295944214
1.4308685064315796
1.4308665990829468
1.4308626651763916
1.4308586120605469
1.4308528900146484
1.4308528900146484
1.4308627843856812
1.4308668375015259
1.4308631420135498
1.4308576583862305
1.4308538436889648
1.4308531284332275
1.4308539628982544
1.4308558702468872
1.4308589696884155
1.4308604001998901
1.4308586120605469
1.4308557510375977
1.4308537244796753
1.4308534860610962
1.4308568239212036
1.430868148803711
1.4308807849884033
1.4308778047561646
1.4308704137802124
1.4308675527572632
1.4308645725250244
1.4308630228042603
1.430863857269287
1.4308631420135498
1.4308605194091797
1.4308606386184692
1.430860161781311
1.4308600425720215
1.430867075920105
1.4308773279190063
1.4308772087097168
1.4308685064315796
1.4308613538742065
1.4308581352233887
1.4308611154556274
1.430863618850708
1.4308611154556274
1.4308600425720215
1.430861473083496
1.430864930152893
1.430872917175293
1.4308807849884033
1.4308817386627197
1.4308803081512451
1.4308775663375854
1.4308714866638184
1.430868148803711
1.4308630228042603
1.4308587312698364
1.4308569431304932
1.4308586120605469
1.4308600425720215
1.430860996246338
1.4308574199676514
1.4308539628982544
1.430854320526123
1.4308558702468872
1.4308528900146484
1.4308464527130127
1.4308421611785889
1.4308454990386963
1.4308527708053589
1.430851936340332
1.4308449029922485
1.430842638015747
1.430843710899353
1.4308500289916992
1.43085777759552
1.4308578968048096
1.4308514595031738
1.4308534860610962
1.4308578968048096
1.4308515787124634
1.4308534860610962
1.4308512210845947
1.4308431148529053
1.4308419227600098
1.4308416843414307
1.4308433532714844
1.4308427572250366
1.4308396577835083
1.4308428764343262
1.4308463335037231
1.430844783782959
1.4308416843414307
1.4308416843414307
1.430841326713562
1.4308438301086426
1.4308481216430664
1.4308526515960693
1.4308545589447021
1.4308557510375977
1.4308583736419678
1.4308559894561768
1.4308513402938843
1.430853009223938
1.4308494329452515
1.4308456182479858
1.4308462142944336
1.4308464527130127
1.430846095085144
1.4308422803878784
1.4308425188064575
1.4308520555496216
1.4308570623397827
1.430849552154541
1.4308454990386963
1.4308427572250366
1.4308440685272217
1.430845022201538
1.4308429956436157
1.4308422803878784
1.4308415651321411
1.430841088294983
1.4308419227600098
1.4308466911315918
1.4308538436889648
1.4308586120605469
1.4308587312698364
1.4308629035949707
1.4308667182922363
1.430860161781311
1.430861473083496
1.430863618850708
1.430854082107544
1.4308485984802246
1.430845022201538
1.4308438301086426
1.4308419227600098
1.430835485458374
1.4308300018310547
1.4308311939239502
1.430835247039795
1.4308345317840576
1.4308297634124756
1.4308295249938965
1.4308319091796875
1.430829405784607
1.4308288097381592
1.4308329820632935
1.4308360815048218
1.4308370351791382
1.43083655834198
1.4308332204818726
1.430832028388977
1.4308360815048218
1.4308395385742188
1.4308397769927979
1.4308371543884277
1.4308363199234009
1.4308351278305054
1.4308360815048218
1.4308379888534546
1.430845856666565
1.4308522939682007
1.430845022201538
1.430842638015747
1.4308483600616455
1.4308502674102783
1.4308464527130127
1.4308513402938843
1.430855393409729
1.4308494329452515
1.4308438301086426
1.430842399597168
1.4308427572250366
1.4308416843414307
1.430840253829956
1.4308373928070068
1.430837869644165
1.430837869644165
1.4308364391326904
1.4308385848999023
1.4308408498764038
1.4308372735977173
1.4308316707611084
1.4308311939239502
1.430835485458374
1.430837869644165
1.4308336973190308
1.430829644203186
1.4308289289474487
1.430831789970398
1.4308323860168457
1.4308314323425293
1.430829405784607
1.4308301210403442
1.4308319091796875
1.4308310747146606
1.4308291673660278
1.4308291673660278
1.430830955505371
1.4308298826217651
1.4308289289474487
1.430828332901001
1.4308301210403442
1.4308321475982666
1.430832862854004
1.4308346509933472
1.4308350086212158
1.4308325052261353
1.430830717086792
1.4308321475982666
1.430831789970398
1.4308278560638428
1.430827021598816
1.4308278560638428
1.4308273792266846
1.430828332901001
1.4308305978775024
1.4308366775512695
1.4308390617370605
1.4308369159698486
1.4308444261550903
1.4308503866195679
1.4308443069458008
1.4308406114578247
1.4308439493179321
1.4308404922485352
1.4308370351791382
1.4308370351791382
1.4308369159698486
1.4308383464813232
1.430842638015747
1.4308394193649292
1.4308326244354248
1.430830717086792
1.4308315515518188
1.4308297634124756
1.4308302402496338
1.430834174156189
1.4308342933654785
1.430831789970398
1.4308313131332397
1.4308313131332397
1.4308321475982666
1.4308347702026367
1.430834412574768
1.4308348894119263
1.43083655834198
1.4308359622955322
1.4308369159698486
1.4308362007141113
1.4308319091796875
1.4308316707611084
1.4308357238769531
1.4308366775512695
1.4308360815048218
1.430830955505371
1.4308308362960815
1.4308302402496338
1.4308292865753174
1.4308258295059204
1.4308254718780518
1.4308249950408936
1.4308241605758667
1.4308240413665771
1.4308240413665771
1.4308228492736816
1.4308222532272339
1.430823564529419
1.4308232069015503
1.4308218955993652
1.4308210611343384
1.4308202266693115
1.4308207035064697
1.4308204650878906
1.4308212995529175
1.430823564529419
1.4308245182037354
1.430823564529419
1.430822491645813
1.430825114250183
1.4308284521102905
1.4308282136917114
1.4308278560638428
1.4308322668075562
1.4308295249938965
1.4308267831802368
1.4308276176452637
1.4308267831802368
1.4308292865753174
1.4308366775512695
1.4308346509933472
1.430833101272583
1.4308329820632935
1.4308362007141113
1.430832862854004
1.430833339691162
1.430835485458374
1.4308345317840576
1.4308311939239502
1.4308302402496338
1.4308321475982666
1.4308342933654785
1.4308338165283203
1.4308308362960815
1.4308313131332397
1.4308362007141113
1.4308357238769531
1.430830955505371
1.4308295249938965
1.4308326244354248
1.4308345317840576
1.4308329820632935
1.4308347702026367
1.4308351278305054
1.4308308362960815
1.4308263063430786
1.430823802947998
1.430823564529419
1.4308242797851562
1.4308243989944458
1.4308249950408936
1.4308247566223145
1.430824637413025
1.4308222532272339
1.4308222532272339
1.4308253526687622
1.430827260017395
1.4308236837387085
1.4308241605758667
1.4308242797851562
1.4308252334594727
1.4308215379714966
1.4308210611343384
1.430822730064392
1.4308257102966309
1.4308267831802368
1.430826187133789
1.4308297634124756
1.4308310747146606
1.4308356046676636
1.4308439493179321
1.43083918094635
1.430833101272583
1.43082857131958
1.4308273792266846
1.4308252334594727
1.4308263063430786
1.4308295249938965
1.4308292865753174
1.4308319091796875
1.430828332901001
1.4308257102966309
1.430822491645813
1.4308240413665771
1.4308252334594727
1.4308260679244995
1.430822491645813
1.4308220148086548
1.4308222532272339
1.4308221340179443
1.4308253526687622
1.4308273792266846
1.4308258295059204
1.4308240413665771
1.4308266639709473
1.4308260679244995
1.4308252334594727
1.4308260679244995
1.4308254718780518
1.4308241605758667
1.4308241605758667
1.4308220148086548
1.430820345878601
1.4308222532272339
1.4308215379714966
1.4308196306228638
1.4308202266693115
1.430821418762207
1.430822730064392
1.4308208227157593
1.430820345878601
1.4308173656463623
1.4308182001113892
1.4308189153671265
1.4308186769485474
1.4308205842971802
1.4308199882507324
1.4308212995529175
1.4308183193206787
1.4308191537857056
1.4308193922042847
1.4308195114135742
1.4308222532272339
1.430821180343628
1.4308217763900757
1.4308212995529175
1.4308266639709473
1.4308291673660278
1.430824875831604
1.4308240413665771
1.430823802947998
1.4308252334594727
1.4308218955993652
1.430820107460022
1.4308186769485474
1.4308189153671265
1.430821418762207
1.4308221340179443
1.430823802947998
1.4308199882507324
1.4308222532272339
1.430821180343628
1.4308228492736816
1.4308223724365234
1.430822730064392
1.430820107460022
1.4308216571807861
1.4308195114135742
1.4308178424835205
1.43081796169281
1.4308192729949951
1.4308209419250488
1.4308208227157593
1.4308216571807861
1.4308205842971802
1.4308226108551025
1.4308247566223145
1.4308241605758667
1.4308245182037354
1.4308236837387085
1.430822491645813
1.4308239221572876
1.430824637413025
1.4308232069015503
1.4308229684829712
1.4308226108551025
1.430823564529419
1.4308220148086548
1.4308247566223145
1.4308229684829712
1.4308232069015503
1.430822491645813
1.4308243989944458
1.4308196306228638
1.4308171272277832
1.4308184385299683
1.4308176040649414
1.4308184385299683
1.4308176040649414
1.4308192729949951
1.4308191537857056
1.4308208227157593
1.4308195114135742
1.4308218955993652
1.4308204650878906
1.4308212995529175
1.4308180809020996
1.4308174848556519
1.43081796169281
1.4308180809020996
1.4308180809020996
1.430816411972046
1.4308154582977295
1.4308182001113892
1.4308196306228638
1.4308196306228638
1.430820107460022
1.4308199882507324
1.4308195114135742
1.4308195114135742
1.4308186769485474
1.4308182001113892
1.4308167695999146
1.430816888809204
1.430819034576416
1.4308186769485474
1.4308199882507324
1.4308243989944458
1.4308255910873413
1.4308204650878906
1.4308204650878906
1.4308185577392578
1.43081796169281
1.4308192729949951
1.4308161735534668
1.4308173656463623
1.4308172464370728
1.43081796169281
1.4308183193206787
1.430819034576416
1.4308186769485474
1.4308207035064697
1.4308196306228638
1.4308215379714966
1.4308197498321533
1.4308216571807861
1.4308197498321533
1.4308209419250488
1.4308230876922607
1.4308212995529175
1.4308197498321533
1.4308180809020996
1.4308172464370728
1.4308189153671265
1.4308174848556519
1.4308162927627563
1.4308139085769653
1.4308143854141235
1.4308133125305176
1.430814266204834
1.4308143854141235
1.4308149814605713
1.4308140277862549
1.430815577507019
1.4308152198791504
1.4308152198791504
1.4308137893676758
1.4308140277862549
1.4308139085769653
1.4308149814605713
1.4308156967163086
1.4308151006698608
1.4308154582977295
1.430816888809204
1.430819034576416
1.4308184385299683
1.4308162927627563
1.4308170080184937
1.4308178424835205
1.43081796169281
1.430820345878601
1.4308191537857056
1.4308195114135742
1.4308170080184937
1.430816650390625
1.4308182001113892
1.4308184385299683
1.4308183193206787
1.4308195114135742
1.4308197498321533
1.4308202266693115
1.430820345878601
1.4308229684829712
1.430822491645813
1.4308226108551025
1.4308180809020996
1.4308185577392578
1.4308165311813354
1.4308154582977295
1.4308149814605713
1.4308134317398071
1.4308130741119385
1.4308152198791504
1.4308162927627563
1.4308147430419922
1.43081533908844
1.4308140277862549
1.43081533908844
1.4308161735534668
1.4308161735534668
1.4308154582977295
1.4308173656463623
1.4308151006698608
1.4308162927627563
1.4308160543441772
1.4308172464370728
1.4308171272277832
1.430816411972046
1.4308159351348877
1.430816888809204
1.43081796169281
1.4308178424835205
1.4308189153671265
1.430818796157837
validation_losses
0.6617923378944397
0.6446657776832581
0.6445074081420898
0.6444645524024963
0.6444602608680725
0.6444680094718933
0.6444838643074036
0.6445221304893494
0.6444780826568604
0.6445711255073547
0.6445215344429016
0.6444938778877258
0.6444854736328125
0.6444766521453857
0.6444631218910217
0.644457995891571
0.6444857716560364
0.644558846950531
0.6444838047027588
0.6444621086120605
0.6444756388664246
0.6444852352142334
0.6444815993309021
0.6444710493087769
0.6444784998893738
0.6444646716117859
0.6444687843322754
0.6444829702377319
0.6444689631462097
0.6444644927978516
0.6444863677024841
0.6445084810256958
0.6444671154022217
0.6444705128669739
0.644470751285553
0.6444539427757263
0.6444575190544128
0.6444801092147827
0.6444686651229858
0.6444719433784485
0.6444668173789978
0.6444628238677979
0.6444668173789978
0.6444562077522278
0.6444574594497681
0.6444635391235352
0.6444656848907471
0.644460141658783
0.6444559097290039
0.6444526314735413
0.6444598436355591
0.6444485187530518
0.6444553732872009
0.6444542407989502
0.644454836845398
0.6444490551948547
0.6444507837295532
0.6444422602653503
0.6444482207298279
0.6444534063339233
0.6444485783576965
0.6444476246833801
0.644442081451416
0.6444475650787354
0.6444433927536011
0.6444476246833801
0.6444439888000488
0.6444465517997742
0.6444434523582458
0.6444396376609802
0.6444413065910339
0.6444410681724548
0.6444445848464966
0.6444453597068787
0.6444401144981384
0.6444399952888489
0.6444422006607056
0.6444396376609802
0.644440233707428
0.6444413065910339
0.6444368362426758
0.6444377303123474
0.6444389224052429
0.6444361209869385
0.6444384455680847
0.6444374918937683
0.6444389820098877
0.6444360613822937
0.6444382667541504
0.6444379091262817
0.6444366574287415
0.6444369554519653
0.644439160823822
0.6444354057312012
0.644435703754425
0.6444371938705444
0.6444359421730042
0.6444365978240967
0.644435465335846
0.6444358229637146
