trained with learning rate 0.0001, batch size 8, planned epochs 1000 but only took 140 epochs.training_losses
129.7954864501953
125.81216430664062
125.71405029296875
125.84342956542969
125.6695556640625
125.78594970703125
125.94683837890625
125.54027557373047
125.7503890991211
125.6873550415039
125.60895538330078
125.73722076416016
125.66883850097656
125.61917877197266
125.69075012207031
125.53089904785156
125.38065338134766
125.50302124023438
125.69076538085938
125.38557434082031
125.68418884277344
125.47583770751953
125.57817077636719
125.56871032714844
125.53423309326172
125.57029724121094
125.54859924316406
125.48573303222656
125.37239074707031
125.5143814086914
125.59609985351562
125.49734497070312
125.6204605102539
125.42789459228516
125.60013580322266
125.38121795654297
125.31812286376953
125.63473510742188
125.53012084960938
125.44469451904297
125.59022521972656
125.52215576171875
125.7446060180664
125.36782836914062
125.54139709472656
125.534912109375
125.38174438476562
125.53380584716797
125.54142761230469
125.5870132446289
125.29776000976562
125.24711608886719
125.49126434326172
125.50823211669922
125.33328247070312
125.44284057617188
125.21315002441406
125.57794189453125
125.40753936767578
125.33744049072266
125.41342163085938
125.47216796875
125.55045318603516
125.51806640625
125.26217651367188
125.39485931396484
125.70650482177734
125.52052307128906
125.38969421386719
125.3290023803711
125.60682678222656
125.35385131835938
125.31172180175781
125.3969955444336
125.40851593017578
125.50440216064453
125.3261947631836
125.45780181884766
125.46199035644531
125.4853744506836
125.5604019165039
125.48291778564453
125.37181854248047
125.44227600097656
125.58342742919922
125.4840087890625
125.42768096923828
125.28374481201172
125.5369644165039
125.48502349853516
125.32791137695312
125.47881317138672
125.3830337524414
125.47428131103516
125.25686645507812
125.4732894897461
125.50579071044922
125.32231903076172
125.46151733398438
125.51249694824219
125.42543029785156
125.54631805419922
125.65303039550781
125.50855255126953
125.34779357910156
125.65293884277344
125.58719635009766
125.39051818847656
125.44131469726562
125.54124450683594
125.5066146850586
125.41436004638672
125.51908111572266
125.65213775634766
125.5662841796875
125.23399353027344
125.26594543457031
125.4878158569336
125.46158599853516
125.6165542602539
125.3756103515625
125.29371643066406
125.5212173461914
125.38106536865234
125.47196197509766
125.33283233642578
125.31783294677734
125.43556213378906
125.53569793701172
125.71537780761719
125.4207992553711
125.14350128173828
125.65363311767578
125.34296417236328
125.43045806884766
125.33301544189453
125.39967346191406
125.45086669921875
125.29447174072266
125.40252685546875
125.61353302001953
validation_losses
62.64857864379883
62.363346099853516
62.363853454589844
62.40525817871094
62.198883056640625
62.41148376464844
62.430484771728516
62.34706497192383
62.32685089111328
62.27935791015625
62.40291976928711
62.25828552246094
62.369564056396484
62.12998580932617
62.150726318359375
