trained with learning rate 0.0001, batch size 8, planned epochs 1000 but only took 280 epochs.training_losses
363.84698486328125
350.07330322265625
338.59979248046875
327.7053527832031
316.6335754394531
307.75030517578125
300.63482666015625
295.5011901855469
292.1629943847656
290.32232666015625
288.7132568359375
288.1957092285156
287.52264404296875
287.17041015625
287.01690673828125
286.7831115722656
286.413818359375
286.5320739746094
286.583984375
286.3203125
286.2667541503906
286.4356994628906
286.2983093261719
286.17303466796875
286.125732421875
286.13238525390625
286.04766845703125
285.8863220214844
285.8977355957031
285.78778076171875
285.6089172363281
285.6004943847656
285.4470520019531
285.27764892578125
285.2803039550781
284.9233703613281
284.9195251464844
284.76983642578125
284.72283935546875
284.51593017578125
284.42132568359375
284.314453125
284.23333740234375
284.1827087402344
283.8818359375
283.9162292480469
283.82843017578125
283.6514587402344
283.717529296875
283.5026550292969
283.48663330078125
283.4999694824219
283.3773498535156
283.4040832519531
283.4177551269531
283.2533874511719
283.34417724609375
283.15069580078125
283.12506103515625
283.1170349121094
283.0662841796875
283.05670166015625
283.14105224609375
282.9837341308594
283.0224914550781
282.9847412109375
282.9743957519531
282.9228210449219
282.89569091796875
282.8401794433594
282.83428955078125
282.8096618652344
282.8355712890625
282.8299255371094
282.7803649902344
282.798828125
282.7744445800781
282.7393493652344
282.6419677734375
282.6222229003906
282.7118835449219
282.6314697265625
282.5776062011719
282.6592102050781
282.6784362792969
282.60986328125
282.5577392578125
282.6328430175781
282.621337890625
282.5126037597656
282.5130310058594
282.5928955078125
282.5291748046875
282.47393798828125
282.5068054199219
282.56292724609375
282.51641845703125
282.556396484375
282.5182189941406
282.53692626953125
282.48480224609375
282.4924621582031
282.5613708496094
282.4434509277344
282.462646484375
282.46173095703125
282.433349609375
282.4837341308594
282.4522705078125
282.4879150390625
282.41033935546875
282.4521179199219
282.4792785644531
282.37408447265625
282.4308166503906
282.3957824707031
282.3857421875
282.4271240234375
282.3846130371094
282.365234375
282.419921875
282.4059753417969
282.3849182128906
282.45233154296875
282.3533935546875
282.3865966796875
282.3891906738281
282.4244384765625
282.3932800292969
282.4499206542969
282.31036376953125
282.3782653808594
282.3103942871094
282.4006042480469
282.3909606933594
282.3879089355469
282.3656921386719
282.40423583984375
282.35711669921875
282.3478088378906
282.3981628417969
282.406494140625
282.38262939453125
282.3966979980469
282.38873291015625
282.3475341796875
282.37872314453125
282.4075012207031
282.3795471191406
282.36962890625
282.33111572265625
282.29840087890625
282.3547058105469
282.3755187988281
282.38726806640625
282.26513671875
282.3388366699219
282.3067321777344
282.3163146972656
282.3099060058594
282.3245849609375
282.31341552734375
282.3273010253906
282.3511657714844
282.27447509765625
282.3270263671875
282.2951965332031
282.3477478027344
282.3016357421875
282.30352783203125
282.3507385253906
282.3497314453125
282.2652587890625
282.29913330078125
282.30255126953125
282.27862548828125
282.33782958984375
282.28277587890625
282.31427001953125
282.3150939941406
282.2848815917969
282.2685852050781
282.285400390625
282.3227844238281
282.2711486816406
282.3016662597656
282.3106689453125
282.2504577636719
282.325439453125
282.28765869140625
282.2994079589844
282.2276611328125
282.299072265625
282.2784118652344
282.2892761230469
282.2781982421875
282.28155517578125
282.2570495605469
282.2996520996094
282.2742004394531
282.278076171875
282.2854309082031
282.2613830566406
282.25457763671875
282.27447509765625
282.28521728515625
282.22467041015625
282.2451171875
282.26953125
282.2418518066406
282.25201416015625
282.25299072265625
282.3019714355469
282.2579650878906
282.22705078125
282.25732421875
282.1992492675781
282.2009582519531
282.29925537109375
282.2828063964844
282.2259216308594
282.2281799316406
282.24639892578125
282.218017578125
282.2191467285156
282.2800598144531
282.221435546875
282.2134094238281
282.2292785644531
282.248046875
282.2330322265625
282.2106018066406
282.21527099609375
282.1875
282.1969909667969
282.174072265625
282.2287292480469
282.2282409667969
282.21356201171875
282.2428283691406
282.2319641113281
282.2091064453125
282.23388671875
282.20013427734375
282.2205810546875
282.1893310546875
282.20538330078125
282.1875915527344
282.2435302734375
282.2099914550781
282.22552490234375
282.20428466796875
282.2266540527344
282.1829833984375
282.17431640625
282.2454833984375
282.1993408203125
282.23321533203125
282.2055358886719
282.2027893066406
282.15777587890625
282.1432189941406
282.2161560058594
282.2128601074219
282.17767333984375
282.19232177734375
282.21044921875
282.2166748046875
282.1739501953125
282.2043762207031
282.1595458984375
282.2020263671875
282.1720886230469
282.24835205078125
282.1796569824219
282.2174987792969
282.15997314453125
282.2048645019531
282.18365478515625
282.18280029296875
siamese_losses
validation_losses
130.4503631591797
130.22283935546875
130.12338256835938
129.7754364013672
129.22381591796875
128.84080505371094
128.66299438476562
128.5380401611328
128.4714813232422
128.42433166503906
128.39353942871094
128.36984252929688
128.35723876953125
128.3453826904297
128.34365844726562
128.3382110595703
128.3323974609375
128.32650756835938
128.32061767578125
128.30865478515625
128.30540466308594
128.2988739013672
128.2942352294922
128.28907775878906
128.28456115722656
128.2833709716797
128.27960205078125
128.27963256835938
128.27537536621094
