Total loss for testset is: 64.26231380552053 MSE loss: 14603191.950195312 KLD loss: 2242788.035522461
top 10 test accuracy: 0.17004341534008682

trained with learning rate 0.0001, batch size 4, planned epochs 1000 but only took 210 epochs.training_losses
18877.208984375
18181.13671875
17739.451171875
17806.978515625
17528.21484375
17782.583984375
17370.853515625
16979.8984375
16813.833984375
16385.703125
16031.2890625
15553.9560546875
16634.220703125
16187.9892578125
15867.732421875
15713.0986328125
15474.9091796875
15776.548828125
15769.166015625
15049.3583984375
14860.037109375
15035.7900390625
14888.341796875
15154.5537109375
15118.5458984375
15328.7197265625
15092.5908203125
15357.39453125
15072.6767578125
14620.798828125
14433.86328125
14749.640625
14523.2509765625
14679.12109375
15642.2802734375
14862.8994140625
14314.23828125
13955.3095703125
14191.400390625
14498.7236328125
13765.23828125
13826.5751953125
15931.7939453125
15408.0185546875
15312.0078125
15537.978515625
14667.681640625
14229.490234375
14068.482421875
13610.01171875
14003.884765625
13970.3603515625
14324.9072265625
13503.8583984375
13682.4150390625
13478.03125
13643.3330078125
13455.3359375
13136.501953125
13440.5830078125
13451.8955078125
13083.4248046875
12771.6220703125
14176.298828125
12663.15234375
13206.400390625
12714.455078125
12263.927734375
12003.6728515625
12066.74609375
12081.0263671875
12987.9521484375
16649.521484375
15712.4931640625
14678.208984375
14575.1240234375
13939.40625
14364.59375
12816.765625
11826.314453125
12325.9736328125
11557.900390625
11251.32421875
10827.4619140625
11549.92578125
10072.36328125
9901.7119140625
9613.0859375
9631.7861328125
9485.0859375
11197.6513671875
9976.373046875
8928.80859375
9249.4150390625
9790.1630859375
8842.203125
8963.5810546875
9207.119140625
8918.8583984375
8763.005859375
8326.201171875
8309.384765625
8902.91015625
8647.9892578125
7911.28369140625
7922.4482421875
8017.25
8158.7822265625
7544.830078125
7918.0595703125
7888.4140625
8544.859375
7248.025390625
6494.49853515625
7728.4228515625
6758.900390625
6922.21142578125
6920.80224609375
7281.40673828125
6948.83544921875
7778.00146484375
6553.52490234375
6355.4853515625
6082.37255859375
7390.26416015625
6187.29150390625
6404.82958984375
5915.59375
5967.7548828125
6247.35986328125
5836.685546875
5773.8056640625
5725.95849609375
5668.94287109375
5778.3515625
5468.31103515625
5610.16455078125
5816.98974609375
5458.71240234375
5314.75048828125
5803.71044921875
5662.65234375
5287.083984375
4989.2841796875
5271.24755859375
5002.93310546875
5791.39892578125
5358.73779296875
5215.173828125
5352.7978515625
4930.83447265625
4994.64599609375
4942.68505859375
5034.02099609375
4939.53857421875
4501.0
4596.783203125
4866.96728515625
4400.74951171875
4531.01123046875
4757.12158203125
4726.43505859375
4461.0048828125
4130.14111328125
4166.9814453125
4485.9072265625
4135.35009765625
4140.880859375
3995.978271484375
4874.80810546875
4813.560546875
4773.234375
3944.0205078125
4190.15185546875
5063.615234375
4110.5634765625
3778.371826171875
5941.45849609375
4539.05615234375
4132.56005859375
3941.436279296875
3863.95361328125
3881.06298828125
4217.16455078125
4111.591796875
4037.82421875
3539.71630859375
3721.587890625
4069.830078125
3751.4228515625
3556.8076171875
3984.575927734375
3832.946533203125
3950.927734375
3915.532470703125
3809.08251953125
3448.413330078125
3715.58984375
3991.356201171875
4092.236328125
3698.48388671875
3329.415771484375
3209.566162109375
3419.598388671875
3408.15771484375
3877.6318359375
4186.1552734375
3584.470947265625
3006.820556640625
3268.301513671875
3183.1806640625
siamese_losses
1206.0389404296875
1175.166259765625
1155.224853515625
1159.6419677734375
1138.0986328125
1152.6856689453125
1126.3602294921875
1105.3890380859375
1093.2322998046875
1067.09033203125
1039.3980712890625
1012.5108032226562
1078.207275390625
1055.3369140625
1034.3089599609375
1021.8079223632812
1008.6790161132812
1022.8741455078125
1026.64453125
977.9458618164062
963.2023315429688
973.9462280273438
968.7291259765625
987.5350341796875
986.57080078125
998.4868774414062
984.2394409179688
1001.3416748046875
978.9911499023438
950.9192504882812
940.3563232421875
961.0057373046875
946.4970092773438
958.4917602539062
1015.8479614257812
972.2535400390625
933.4152221679688
912.2268676757812
926.010498046875
946.0606079101562
899.431640625
901.2571411132812
1038.29296875
1005.4480590820312
1001.2207641601562
1015.3270874023438
954.6500854492188
928.3269653320312
918.8588256835938
887.2399291992188
916.2698974609375
909.9570922851562
932.820068359375
883.3442993164062
893.194580078125
880.4898071289062
887.9653930664062
878.0042114257812
858.365478515625
879.7199096679688
880.3423461914062
854.4786376953125
834.5743408203125
917.0560302734375
829.0372314453125
865.0349731445312
831.603515625
802.460205078125
784.5114135742188
790.3543701171875
791.6739501953125
847.5331420898438
1090.3232421875
1028.849365234375
960.460205078125
951.4938354492188
910.00341796875
938.0546875
838.663818359375
774.0853881835938
807.3971557617188
754.6427001953125
735.6847534179688
707.9907836914062
755.3966674804688
657.6729125976562
646.9063110351562
627.6243286132812
629.2733154296875
618.87255859375
728.4920654296875
652.4498291015625
582.0226440429688
602.023193359375
635.4959106445312
576.2212524414062
584.8660278320312
600.6131591796875
580.9013671875
571.1452026367188
542.8346557617188
539.8834838867188
573.5961303710938
562.7340087890625
515.1396484375
515.9022827148438
520.0798950195312
531.8600463867188
490.52642822265625
515.7066040039062
512.1637573242188
556.744140625
471.12518310546875
420.6834716796875
500.19378662109375
438.1443176269531
449.0782775878906
449.1954650878906
472.7353820800781
450.67010498046875
506.56549072265625
424.5550537109375
411.84710693359375
393.96514892578125
478.7762145996094
400.16156005859375
414.75970458984375
382.88604736328125
386.1217041015625
404.68212890625
377.4307556152344
373.3059997558594
369.7585754394531
366.1933288574219
373.36468505859375
352.70172119140625
362.0984802246094
376.47930908203125
352.5479736328125
342.8567810058594
374.5283203125
364.55841064453125
340.75274658203125
321.2645568847656
340.2904052734375
322.21331787109375
373.6264953613281
346.1564636230469
336.0283203125
345.8497009277344
318.0357666015625
321.4638366699219
318.78021240234375
324.8584289550781
318.4817199707031
288.9169006347656
295.1856384277344
313.6679992675781
282.4299011230469
291.2254333496094
306.0438232421875
304.54156494140625
286.4823913574219
264.5680236816406
267.12164306640625
288.8153076171875
265.3807067871094
266.0010070800781
255.83688354492188
314.68353271484375
309.4338684082031
306.6598815917969
252.49241638183594
268.9137878417969
325.0345153808594
263.52117919921875
241.27798461914062
381.3562927246094
291.288818359375
264.997802734375
252.55206298828125
247.2501220703125
247.67315673828125
271.59344482421875
263.8747253417969
258.53973388671875
225.33299255371094
237.08412170410156
261.07208251953125
239.83798217773438
226.58238220214844
254.60919189453125
244.5363006591797
252.90553283691406
250.61541748046875
244.20462036132812
219.90660095214844
237.34471130371094
255.6188507080078
262.10870361328125
236.4729766845703
212.08624267578125
203.81089782714844
217.57369995117188
216.2561492919922
248.4536895751953
267.8344421386719
228.69261169433594
190.30337524414062
207.7197723388672
202.02371215820312
validation_losses
18548.52734375
16562.697265625
20830.44140625
15773.6640625
18272.01171875
15829.0888671875
15302.3779296875
13527.1953125
13731.2734375
13718.5947265625
14387.9150390625
12212.939453125
15343.51171875
12384.3486328125
34110.0078125
16973.443359375
15209.87890625
16363.04296875
14608.2470703125
14761.806640625
13697.8974609375
22165.958984375
validation_accuracies0.5358178654292344
0.6715487238979119
0.6624129930394431
0.6875
0.6740139211136891
0.6909802784222738
0.7088167053364269
0.7497099767981439
0.734483758700696
0.7449245939675174
0.7707366589327146
0.7798723897911833
0.7546403712296984
0.7865429234338747
0.7160672853828306
0.7633410672853829
0.7833526682134571
0.7434744779582366
0.7769721577726219
0.7581206496519721
0.7659512761020881
0.7320185614849188
