Mean: Total loss for testset is: 2.6171785327605903 MSE loss: 1.8392806518822908 KLD loss: 686075.8101806641
Sum: Total loss for testset is: 17.315872721374035 MSE loss: 3852985.0063476562 KLD loss: 686267.1198730469
trained with learning rate 1e-05, batch size 8, planned epochs 1000 but only took 999 epochs.training_losses
698.795654296875
303.2548522949219
252.1300506591797
230.11685180664062
217.6742706298828
208.85879516601562
202.3662872314453
197.0630340576172
192.91055297851562
189.09669494628906
185.86911010742188
183.2732391357422
180.35360717773438
177.86476135253906
175.81802368164062
173.91128540039062
171.48577880859375
170.05471801757812
168.31521606445312
167.28868103027344
165.88943481445312
164.4696044921875
163.23057556152344
162.34446716308594
161.25100708007812
160.43170166015625
159.6980438232422
158.6283416748047
157.53463745117188
156.6787872314453
156.17120361328125
155.69046020507812
154.7475128173828
154.09927368164062
153.76023864746094
153.00161743164062
152.26666259765625
151.6060028076172
151.34512329101562
150.5005340576172
149.9490203857422
149.44725036621094
149.34783935546875
148.53543090820312
148.31422424316406
147.7581329345703
147.19679260253906
146.6105499267578
146.37142944335938
145.95355224609375
145.6316375732422
145.06149291992188
144.77093505859375
144.2850799560547
143.9763641357422
143.57501220703125
143.22784423828125
142.8868408203125
142.75160217285156
141.7761688232422
141.89292907714844
141.54583740234375
141.35353088378906
140.95687866210938
140.63470458984375
140.24960327148438
139.96929931640625
139.83274841308594
139.3328399658203
138.882080078125
138.97067260742188
138.94900512695312
138.26385498046875
137.86488342285156
138.0360565185547
137.41026306152344
137.29713439941406
137.07398986816406
136.81832885742188
136.54444885253906
136.25665283203125
136.1681365966797
135.6656494140625
135.56544494628906
135.5045623779297
135.10028076171875
134.85792541503906
134.58016967773438
134.30865478515625
134.15719604492188
133.74644470214844
133.70693969726562
133.5908660888672
133.3046417236328
133.40560913085938
132.98666381835938
132.69845581054688
132.46151733398438
132.09718322753906
131.78916931152344
131.68960571289062
131.58892822265625
131.32467651367188
131.0677490234375
131.13375854492188
130.9754638671875
130.44082641601562
130.3687286376953
130.2664031982422
129.89340209960938
129.8206787109375
129.70849609375
129.477294921875
129.29989624023438
129.12989807128906
128.77696228027344
128.6538543701172
128.46075439453125
128.41087341308594
127.93218231201172
128.16439819335938
127.79347229003906
127.6153564453125
127.54244232177734
127.51898193359375
127.29130554199219
126.99383544921875
126.67424774169922
126.62074279785156
126.53363037109375
126.45317840576172
125.88628387451172
125.75408935546875
125.8258056640625
125.64872741699219
125.38987731933594
125.1539306640625
125.1346206665039
125.04906463623047
124.90778350830078
124.93050384521484
124.63262939453125
124.51535034179688
124.44125366210938
124.11476135253906
123.83094024658203
123.57427215576172
123.6343002319336
123.43046569824219
123.328125
123.39396667480469
123.1470718383789
122.81975555419922
122.96653747558594
122.71243286132812
122.59733581542969
122.45095825195312
122.3228988647461
122.04732513427734
121.7989273071289
121.99537658691406
121.9047622680664
121.71163177490234
121.60708618164062
121.33732604980469
121.18336486816406
120.98489379882812
120.76924896240234
120.84735107421875
120.65631866455078
120.607666015625
120.5799331665039
120.29508209228516
120.11766052246094
120.24055480957031
120.11873626708984
119.78582000732422
119.76242065429688
119.77165222167969
119.5018081665039
119.32489776611328
119.36476135253906
119.12810516357422
118.96312713623047
118.7848129272461
118.69969177246094
118.830078125
118.50589752197266
118.65924835205078
118.37877655029297
118.49979400634766
118.24459075927734
118.26082611083984
117.96141052246094
118.02622985839844
117.52849578857422
117.77351379394531
117.60971069335938
117.50654602050781
117.51382446289062
117.40227508544922
117.04685974121094
117.19940185546875
117.15308380126953
116.94654846191406
116.84608459472656
116.62193298339844
116.5517578125
116.52900695800781
116.42794036865234
116.12740325927734
116.40349578857422
116.17141723632812
116.06993103027344
116.07623291015625
116.23750305175781
115.82610321044922
115.70445251464844
115.69407653808594
115.53827667236328
115.64579010009766
115.349853515625
115.25572204589844
115.04956817626953
115.24925231933594
114.92443084716797
114.9665756225586
114.70897674560547
114.7965316772461
114.63700866699219
114.59730529785156
114.58377075195312
114.311279296875
114.65415954589844
114.25249481201172
114.30657196044922
114.16449737548828
113.82999420166016
113.97020721435547
113.7719955444336
113.66661834716797
113.78417205810547
113.76898193359375
113.64247131347656
113.5069808959961
113.47190856933594
113.51095581054688
113.36327362060547
113.25526428222656
113.30261993408203
113.11392974853516
113.08177185058594
112.66201782226562
112.84918212890625
113.06837463378906
112.80992889404297
112.38726043701172
112.58464050292969
112.62211608886719
112.55067443847656
112.57624053955078
112.25343322753906
112.31208801269531
112.14778900146484
112.11663818359375
111.8108139038086
112.16302490234375
111.86308288574219
111.93363189697266
111.802734375
111.68161010742188
111.88272857666016
111.75330352783203
111.54936981201172
111.34724426269531
111.42962646484375
111.4131851196289
111.15291595458984
111.38367462158203
111.20787811279297
111.25164031982422
111.03983306884766
111.05258178710938
111.12026977539062
110.93575286865234
110.84452056884766
110.8462142944336
110.7935562133789
110.83067321777344
110.54388427734375
110.58380889892578
110.47923278808594
110.28372192382812
110.3700942993164
110.35862731933594
110.23834228515625
110.10810089111328
110.04104614257812
110.03960418701172
109.91890716552734
109.9257583618164
109.83869934082031
109.75564575195312
109.94322204589844
109.7065200805664
109.69689178466797
109.77450561523438
109.46752166748047
109.50204467773438
109.46686553955078
109.48143005371094
109.37931823730469
109.0704345703125
109.14414978027344
109.28144836425781
109.249755859375
109.10218811035156
108.85681915283203
109.07395935058594
108.9878158569336
109.0738296508789
109.06568908691406
108.85549926757812
108.63370513916016
108.60489654541016
109.0202865600586
108.91549682617188
108.63917541503906
108.62681579589844
108.5333480834961
108.4229965209961
108.43408203125
108.41963195800781
108.2962417602539
108.068115234375
108.31301879882812
108.10765838623047
108.11285400390625
107.9415054321289
107.87715911865234
108.03345489501953
107.95162963867188
107.88078308105469
107.6374282836914
107.84446716308594
107.63018798828125
107.66366577148438
107.5210952758789
107.44624328613281
107.41004180908203
107.5340805053711
107.44725799560547
107.53313446044922
107.3927230834961
107.25768280029297
107.49132537841797
107.32472229003906
107.28347778320312
107.31136322021484
107.15532684326172
107.17694854736328
107.05646514892578
107.17713165283203
107.11898803710938
106.88697052001953
106.9917221069336
106.80731201171875
106.62042999267578
106.90327453613281
106.93228149414062
106.70005798339844
106.73362731933594
106.53421020507812
106.62097930908203
106.60059356689453
106.43352508544922
106.28581237792969
106.3664321899414
106.497802734375
106.33048248291016
106.2072982788086
106.26749420166016
106.23159790039062
106.37361145019531
106.37237548828125
106.15254974365234
105.96421813964844
106.19953155517578
105.81554412841797
106.02183532714844
106.05545043945312
105.86520385742188
105.93016052246094
105.80562591552734
105.71147155761719
105.59950256347656
105.75655364990234
105.813232421875
105.71607208251953
105.61316680908203
105.74093627929688
105.52229309082031
105.6134262084961
105.65003967285156
105.55542755126953
105.24323272705078
105.42620849609375
105.318115234375
105.47423553466797
105.37614440917969
105.30278778076172
105.2137451171875
105.00691223144531
105.14299011230469
104.91754150390625
105.14643096923828
104.89818572998047
105.05176544189453
104.91146087646484
104.7718276977539
104.85220336914062
104.7983627319336
104.85260772705078
104.80335235595703
104.67259216308594
104.71566009521484
104.8763198852539
104.6440200805664
104.55360412597656
104.48609924316406
104.65692138671875
104.7527847290039
104.54779815673828
104.70186614990234
104.47441864013672
104.40608978271484
104.51060485839844
104.46248626708984
104.14154815673828
104.35718536376953
104.24858856201172
104.21707153320312
104.33291625976562
104.24849700927734
104.02957916259766
104.22276306152344
104.1716537475586
103.91686248779297
104.09282684326172
104.0514144897461
104.05059814453125
103.91309356689453
103.97256469726562
103.89610290527344
103.69129180908203
103.95570373535156
103.7431411743164
103.73990631103516
103.74348449707031
103.8607177734375
103.67448425292969
103.62897491455078
103.6924057006836
103.65880584716797
103.42464447021484
103.5761489868164
103.6618881225586
103.30078125
103.32974243164062
103.22830200195312
103.50371551513672
103.49805450439453
103.46533966064453
103.240966796875
103.08995056152344
103.39700317382812
103.32949829101562
103.15924835205078
103.15998840332031
103.16510009765625
103.0394287109375
103.24871063232422
102.98895263671875
103.26996612548828
103.0519027709961
102.9651107788086
103.06318664550781
103.01304626464844
103.14866638183594
103.01959228515625
102.84458923339844
102.97098541259766
102.8824234008789
102.82208251953125
102.67388153076172
102.65379333496094
102.67569732666016
102.71676635742188
102.76859283447266
102.64801025390625
102.61580657958984
102.44939422607422
102.7571029663086
102.60099029541016
102.60513305664062
102.56057739257812
102.55980682373047
102.39263916015625
102.34938049316406
102.4488296508789
102.26107025146484
102.248779296875
102.39000701904297
102.43754577636719
102.2943115234375
102.27388000488281
102.41136932373047
102.36639404296875
102.31382751464844
102.20672607421875
102.17391204833984
102.11643981933594
102.06243133544922
102.26710510253906
102.07614135742188
102.09225463867188
102.15776824951172
101.87805938720703
102.07671356201172
101.92366027832031
102.01062774658203
101.85997772216797
102.0242919921875
101.88597106933594
101.82129669189453
101.88544464111328
101.84495544433594
101.8790283203125
101.90188598632812
101.70469665527344
101.66744232177734
101.55673217773438
101.66081237792969
101.82917022705078
101.71472930908203
101.77302551269531
101.4778823852539
101.55370330810547
101.47412109375
101.44448852539062
101.53213500976562
101.42350769042969
101.36219787597656
101.38843536376953
101.401123046875
101.20310974121094
101.5526123046875
101.28662109375
101.40347290039062
101.26774597167969
101.22430419921875
101.3875732421875
101.20571899414062
101.49305725097656
101.12100982666016
101.27996063232422
101.30105590820312
101.05733489990234
101.24107360839844
101.16358947753906
100.97186279296875
101.05095672607422
100.97007751464844
101.03740692138672
101.08675384521484
101.04862976074219
100.97672271728516
100.98609161376953
101.06441497802734
100.87423706054688
100.84175872802734
100.86598205566406
100.93732452392578
100.81915283203125
100.63727569580078
100.92143249511719
100.86373901367188
100.85515594482422
100.56732177734375
100.65221405029297
100.78915405273438
100.70286560058594
100.73470306396484
100.61790466308594
100.6365966796875
100.61526489257812
100.5691909790039
100.53609466552734
100.68993377685547
100.54886627197266
100.7554702758789
100.67412567138672
100.46882629394531
100.32782745361328
100.51022338867188
100.30335235595703
100.42957305908203
100.32874298095703
100.4191665649414
100.48218536376953
100.46620178222656
100.19674682617188
100.28703308105469
100.27236938476562
100.42301177978516
100.21123504638672
100.32183074951172
100.2691879272461
100.24009704589844
100.34257507324219
100.17315673828125
100.3389663696289
100.18402099609375
100.20026397705078
99.89556884765625
100.04174041748047
100.37060546875
99.95048522949219
100.07584381103516
100.06889343261719
99.88117980957031
100.13322448730469
99.9572982788086
99.83833312988281
99.80322265625
99.94612884521484
99.96371459960938
99.79425811767578
99.80338287353516
99.86778259277344
100.00830078125
99.94383239746094
99.68448638916016
99.6024169921875
99.4898910522461
99.84303283691406
99.64405822753906
99.67756652832031
99.69291687011719
99.58004760742188
99.56073760986328
99.78406524658203
99.47997283935547
99.64026641845703
99.48921966552734
99.58348846435547
99.44235229492188
99.31788635253906
99.4665298461914
99.72513580322266
99.45288848876953
99.38867950439453
99.37604522705078
99.54693603515625
99.32626342773438
99.54586029052734
99.3388442993164
99.51071166992188
99.24533081054688
99.2688217163086
99.17167663574219
99.46893310546875
99.60199737548828
99.4092788696289
99.46746063232422
99.63038635253906
99.08098602294922
99.14801025390625
99.25930786132812
99.2145004272461
99.10810089111328
99.13731384277344
99.08676147460938
99.16078186035156
99.0448989868164
99.09295654296875
99.12332153320312
98.9983901977539
99.02155303955078
98.9130859375
98.84991455078125
99.05299377441406
99.03448486328125
99.01678466796875
99.13958740234375
98.80755615234375
98.90459442138672
98.9879379272461
98.90054321289062
98.75511932373047
98.85775756835938
99.05435943603516
99.07669067382812
98.67341613769531
98.96065521240234
98.802490234375
98.70072174072266
98.690673828125
98.76583099365234
98.80561828613281
98.69139099121094
98.65807342529297
98.62054443359375
98.72006225585938
98.75230407714844
98.70826721191406
98.66572570800781
98.81365966796875
98.4756851196289
98.76760864257812
98.4978256225586
98.81636810302734
98.6087646484375
98.53512573242188
98.61847686767578
98.73918914794922
98.33692169189453
98.59505462646484
98.56281280517578
98.40769958496094
98.5653076171875
98.53507232666016
98.47107696533203
98.5364761352539
98.53148651123047
98.41706085205078
98.33648681640625
98.61835479736328
98.49408721923828
98.35321807861328
98.15777587890625
98.22140502929688
98.35687255859375
98.27554321289062
98.43385314941406
98.34645080566406
98.228759765625
98.33580780029297
98.17906951904297
98.27677917480469
98.26245880126953
98.0726089477539
98.1085205078125
98.08541107177734
98.19287872314453
98.25894927978516
98.17591857910156
98.1916732788086
98.32173156738281
98.00630950927734
97.90129089355469
98.09210205078125
98.11580657958984
98.0680160522461
97.99427795410156
98.02822875976562
98.03612518310547
97.84848022460938
97.9299545288086
97.83360290527344
98.18156433105469
97.95157623291016
97.88241577148438
97.90218353271484
97.85813903808594
97.8696517944336
98.13851165771484
97.74602508544922
98.12493896484375
97.8419189453125
97.9174575805664
97.95230102539062
97.80824279785156
97.93244934082031
97.89957427978516
97.67170715332031
97.63227081298828
97.77584838867188
97.84046173095703
97.89490509033203
97.88416290283203
97.72740173339844
97.68580627441406
97.49114227294922
97.71165466308594
97.73976135253906
97.8335189819336
97.47016906738281
97.47663879394531
97.70146942138672
97.50530242919922
97.67433166503906
97.56442260742188
97.4962158203125
97.56523895263672
97.6255874633789
97.47937774658203
97.56397247314453
97.42155456542969
97.52425384521484
97.49735260009766
97.53211975097656
97.46630859375
97.43497467041016
97.43083190917969
97.3802261352539
97.47985076904297
97.52867126464844
97.39154815673828
97.34982299804688
97.48789978027344
97.32589721679688
97.39659118652344
97.36354064941406
97.59056854248047
97.4254150390625
97.2038345336914
97.2219009399414
97.21067810058594
97.19386291503906
97.27191162109375
97.28592681884766
97.4879150390625
97.1005630493164
97.31105041503906
97.34628295898438
97.22870635986328
97.05670928955078
97.2513427734375
97.14231872558594
97.06538391113281
97.14450073242188
97.15084075927734
97.15790557861328
97.006103515625
97.23338317871094
97.26624298095703
97.12837219238281
97.03678894042969
97.06295013427734
97.09721374511719
97.08894348144531
97.0439453125
96.99491119384766
96.99368286132812
96.99359893798828
96.93238830566406
97.22132110595703
96.99581909179688
97.00653076171875
96.90692901611328
96.9774398803711
96.99224853515625
96.93021392822266
96.88800811767578
96.7685317993164
96.94912719726562
96.91844177246094
96.7859115600586
96.72885131835938
96.79019927978516
96.99805450439453
96.72927856445312
96.72025299072266
96.90296936035156
96.71410369873047
96.54386901855469
96.73999786376953
96.82316589355469
96.92474365234375
96.97460174560547
96.85125732421875
96.74394226074219
96.6410903930664
96.67520904541016
96.5411148071289
96.78553009033203
96.59874725341797
96.55741119384766
96.8108901977539
96.62816619873047
96.70632934570312
96.53041076660156
96.58889770507812
96.67861938476562
96.66425323486328
96.80865478515625
96.57659912109375
96.56070709228516
96.53682708740234
96.46726989746094
96.69326782226562
96.57772827148438
96.57832336425781
96.55918884277344
96.55254364013672
96.36241912841797
96.52693176269531
96.56229400634766
96.42750549316406
96.45484924316406
96.52110290527344
96.36074829101562
96.40296936035156
96.40225982666016
96.48023223876953
96.32549285888672
96.435791015625
96.37720489501953
96.3297348022461
96.56616973876953
96.41205596923828
96.333251953125
96.39165496826172
96.24053192138672
96.3322525024414
96.34331512451172
96.32701110839844
96.3021240234375
96.20945739746094
96.35111236572266
96.23768615722656
96.25868225097656
96.2911148071289
96.08204650878906
96.12208557128906
96.19194793701172
96.31058502197266
96.31758880615234
96.23985290527344
96.16826629638672
96.2615966796875
96.26811981201172
96.09220886230469
96.46491241455078
96.11205291748047
96.09892272949219
96.08023071289062
96.02352905273438
96.03833770751953
96.15937805175781
95.92386627197266
95.88455963134766
96.04951477050781
96.03131866455078
96.04473876953125
95.9944839477539
95.97605895996094
95.90525817871094
96.27607727050781
96.16238403320312
96.02684783935547
95.90931701660156
96.08251953125
96.02002716064453
96.08655548095703
95.89889526367188
95.87779235839844
95.84585571289062
95.85853576660156
95.74564361572266
95.93535614013672
95.76158905029297
95.96463775634766
95.67237091064453
95.75113677978516
95.80386352539062
95.74760437011719
95.75792694091797
95.84003448486328
95.85520935058594
95.87967681884766
95.77325439453125
95.7318344116211
95.87510681152344
95.81751251220703
95.93781280517578
95.8212661743164
95.71916961669922
95.50877380371094
95.69998931884766
95.75286865234375
95.6832046508789
95.54161071777344
95.69441986083984
95.80170440673828
95.83602142333984
95.72708892822266
95.77596282958984
95.76771545410156
validation_losses
174.08079528808594
92.17740631103516
83.58540344238281
78.62979888916016
76.06562805175781
74.30210876464844
71.89165496826172
70.38932800292969
69.84654235839844
68.61302185058594
67.38448333740234
66.65933227539062
65.3327865600586
64.6877670288086
64.60114288330078
63.25170135498047
62.718177795410156
61.97889709472656
61.474891662597656
60.849365234375
60.36870574951172
60.06153869628906
59.875831604003906
59.392765045166016
58.76717758178711
58.35063552856445
58.2659797668457
57.54945755004883
57.76631546020508
57.60833740234375
57.018524169921875
56.801780700683594
56.613277435302734
56.169769287109375
56.22951889038086
55.78202438354492
55.63105392456055
55.65549087524414
55.34210968017578
55.02217102050781
55.08209991455078
54.91419982910156
54.77080535888672
54.53892135620117
54.269161224365234
54.15686798095703
53.99568557739258
54.109161376953125
53.79215621948242
53.761112213134766
53.689109802246094
53.63877487182617
53.49049377441406
53.412715911865234
53.48091506958008
53.20124435424805
52.98982620239258
53.13212585449219
52.85848617553711
52.99102783203125
52.756656646728516
52.5768928527832
52.47197723388672
52.76255798339844
52.45449447631836
52.46102523803711
52.38875198364258
52.220760345458984
52.24108123779297
52.20237350463867
52.046112060546875
51.95708084106445
51.891754150390625
52.066993713378906
51.98982238769531
51.855796813964844
51.81756591796875
51.792457580566406
51.674049377441406
51.50039291381836
51.584041595458984
51.40047836303711
51.54071807861328
51.28922653198242
51.3287467956543
51.21365737915039
51.35775375366211
51.1881103515625
51.485076904296875
51.13426208496094
51.0375862121582
51.4069709777832
51.03955841064453
51.013484954833984
50.991966247558594
50.9788932800293
50.8723030090332
50.87910842895508
50.94932556152344
50.82378387451172
