results:

AE
ModNN
TOP 10: 0.041319318593693366
MLP relu
(50,)
0.023921710764769843
(100,)
0.023921710764769843
(100, 50)
0.023921710764769843
(200,)
0.023921710764769843
(200, 100)
0.023921710764769843
(400,)
0.023921710764769843
(800,)
0.023921710764769843
(1600,)
0.023921710764769843
(1600, 800)
0.03515766582094962
(3200,)
0.023921710764769843
(3200, 1600)
0.03733236679956506
(6400,)
0.023921710764769843
MLP logistic
(50,)
0.02573396158028271
(100,)
0.023921710764769843
(100, 50)
0.023921710764769843
(200,)
0.021022109459949256
(200, 100)
0.023921710764769843
(400,)
0.02355926060166727

Siamese:
test accuracy: 0.016672707502718376
________________________________________________
VAE
