AE:

NN: TOP 10: 0.055092424791591155
MLP
(50,)
0.023921710764769843
(100,)
0.023921710764769843
(100, 50)
0.023921710764769843
(200,)
0.023921710764769843
(200, 100)
0.023921710764769843
(400,)
0.023921710764769843
(800,)
0.023921710764769843
(1600,)
0.023921710764769843
(1600, 800)
0.02464661109097499
(3200,)
0.023921710764769843
(3200, 1600)
0.010511054729974628
(6400,)
0.023921710764769843
SIAMESE:
test accuracy: 0.021747009786154403

_________________________________________________________
VAE Z

ModNN
TOP 10: 0.0503805726712577
MLP
0.052917723812975714
(100,)
0.0612540775643349
(100, 50)
0.03552011598405219
(200,)
0.07285248278361725
(200, 100)
0.048568321855744834
(400,)
0.079014135556361
(800,)
0.08263863718738673
(1600,)
0.07575208408843784
(1600, 800)
0.07538963392533526
(3200,)
0.0830010873504893
(3200, 1600)
0.07031533164189924
(6400,)
0.0830010873504893

________________________________________________
VAE Mean

ModNN
TOP 10: 0.035882566147154765
MLP
(50,)
0.08155128669807901
(100,)
0.09459949256977165
(100, 50)
0.079014135556361
(200,)
0.10873504893077202
(200, 100)
0.08263863718738673
(400,)
0.11525915186661834
MLP
(800,)
0.11489670170351576
(1600,)
0.11598405219282348
(1600, 800)
0.11453425154041319
(3200,)
0.11997100398695179
(3200, 1600)
0.10873504893077202
(6400,)
0.1185212033345415

SIAMESE:
test accuracy: 0.011598405219282348