Training loss:
0.6373471021652222
0.6453986167907715
0.5617480278015137
0.49807149171829224
0.6465262174606323
0.6089064478874207
0.5629914999008179
0.5863829255104065
0.5806397199630737
0.5407758355140686
0.5794190168380737
0.561598539352417
0.6122143268585205
0.6208776235580444
0.6076469421386719
0.565758466720581
0.565380334854126
0.5485597252845764
0.510202944278717
0.5947654247283936
0.5297726392745972
0.5274207592010498
0.5717214941978455
0.5727149248123169
0.5376738905906677
0.6048998832702637
0.510966420173645
0.47792619466781616
0.6272928714752197
0.46710869669914246
0.6207128167152405
0.6352002620697021
0.5336852669715881
0.49759477376937866
0.5247694253921509
0.5123833417892456
0.5506541728973389
0.5430173873901367
0.5248074531555176
0.5277386903762817
0.5370338559150696
0.45235586166381836
0.546120822429657
0.5482842326164246
0.5556090474128723
0.513899028301239
0.48739922046661377
0.5810834765434265
0.4805798828601837
0.46638429164886475
0.5455124974250793
0.4862118363380432
0.4875710606575012
0.5047840476036072
0.5526124835014343
0.505687952041626
0.614181637763977
0.5566210746765137
0.5971872806549072
0.5148881673812866
0.5360919237136841
0.48341941833496094
0.5063487887382507
0.41460108757019043
0.5750147104263306
0.4190911650657654
0.5613610744476318
0.4839891195297241
0.4440128207206726
0.4740586280822754
0.5563315749168396
0.4210587739944458
0.44841670989990234
0.5135318040847778
0.4511539936065674
0.6389470100402832
0.39022141695022583
0.45094889402389526
0.4317627549171448
0.4409634470939636
0.45762282609939575
0.5120299458503723
0.43784767389297485
0.3853599429130554
0.4571838974952698
0.5218913555145264
0.47437798976898193
0.5331703424453735
0.5081678032875061
0.3945518434047699
0.26158782839775085
0.47761476039886475
0.39324092864990234
0.4732120931148529
0.41252389550209045
0.3822523057460785
0.49319982528686523
0.4929248094558716
0.5174696445465088
0.46374353766441345
0.3548133969306946
0.4182547628879547
0.4140534996986389
0.4588780105113983
0.42491763830184937
0.3646186590194702
0.509265124797821
0.4473363161087036
0.5304713249206543
0.44855940341949463
0.3555576205253601
0.42912936210632324
0.4202726483345032
0.42054519057273865
0.384983628988266
0.3193553686141968
0.34164857864379883
0.405616819858551
0.3491373062133789
0.3760875463485718
0.46959012746810913
0.3223112225532532
0.45281752943992615
0.3695007562637329
0.3999527096748352
0.40503594279289246
Training accuracy:
0.6208692528735632
0.6458333333333334
0.6632543103448276
0.663433908045977
0.671875
0.6707974137931034
0.6797772988505747
0.6724137931034483
0.6806752873563219
0.6831896551724138
0.6891163793103449
0.6785201149425287
0.697198275862069
0.6828304597701149
0.6885775862068966
0.7063577586206896
0.6835488505747126
0.7000718390804598
0.6988146551724138
0.6970186781609196
0.7094109195402298
0.7083333333333334
0.6968390804597702
0.7243175287356322
0.7155172413793104
0.7228807471264368
0.7135416666666666
0.7144396551724138
0.7126436781609196
0.7288074712643678
0.7142600574712644
0.7185704022988506
0.7225215517241379
0.717492816091954
0.7300646551724138
0.7401221264367817
0.7306034482758621
0.7350933908045977
0.7458692528735632
0.7352729885057471
0.7288074712643678
0.7363505747126436
0.7361709770114943
0.7340158045977011
0.7406609195402298
0.734375
0.7429956896551724
0.7406609195402298
0.7476652298850575
0.7456896551724138
0.7447916666666666
0.75
0.7476652298850575
0.7476652298850575
0.7591594827586207
0.7543103448275862
0.7620330459770115
0.7600574712643678
0.7431752873563219
0.7498204022988506
0.7623922413793104
0.7483836206896551
0.7742456896551724
0.7625718390804598
0.7604166666666666
0.7627514367816092
0.757183908045977
0.7582614942528736
0.7744252873563219
0.7663433908045977
0.772808908045977
0.7764008620689655
0.7810704022988506
0.7742456896551724
0.7855603448275862
0.7692169540229885
0.779992816091954
0.7875359195402298
0.7817887931034483
0.7780172413793104
0.7882543103448276
0.7808908045977011
0.7900502873563219
0.7902298850574713
0.7803520114942529
0.7776580459770115
0.782507183908046
0.7905890804597702
0.787176724137931
0.7929238505747126
0.7902298850574713
0.7886135057471264
0.7943606321839081
0.7950790229885057
0.7943606321839081
0.7948994252873564
0.7966954022988506
0.7844827586206896
0.7920258620689655
0.7893318965517241
0.8054956896551724
0.8044181034482759
0.8036997126436781
0.8076508620689655
0.8069324712643678
0.8090876436781609
0.8036997126436781
0.7992097701149425
0.8054956896551724
0.811242816091954
0.8024425287356322
0.8117816091954023
0.8092672413793104
0.805316091954023
0.8081896551724138
0.8110632183908046
0.8166307471264368
0.8108836206896551
0.8114224137931034
0.8173491379310345
0.8193247126436781
0.813757183908046
0.8094468390804598
0.8308189655172413
0.8132183908045977
0.8191451149425287
Validation loss:
28.484817504882812
27.887117385864258
28.909833908081055
32.186222076416016
31.181299209594727
27.30152702331543
28.96636390686035
31.34398651123047
33.81633758544922
35.92796325683594
31.39262580871582
31.573448181152344
43.941680908203125
40.25948715209961
36.05808639526367
36.23830795288086
37.59538650512695
36.00612258911133
33.66567611694336
32.40438461303711
36.83015441894531
34.922176361083984
31.34466552734375
40.4002799987793
38.55009460449219
32.94276428222656
Validation accuracy:
0.6196732954545454
0.6413352272727273
0.6431107954545454
0.6502130681818182
0.6491477272727273
0.6587357954545454
0.6303267045454546
0.6484375
0.6519886363636364
0.6189630681818182
0.6221590909090909
0.6310369318181818
0.6619318181818182
0.6221590909090909
0.64453125
0.6352982954545454
0.6424005681818182
0.6264204545454546
0.6285511363636364
0.6264204545454546
0.6296164772727273
0.6072443181818182
0.6420454545454546
0.6004971590909091
0.6310369318181818
0.62890625
final_loss:27.30152702331543final_accuracy:0.6587357954545454
