Training loss:
0.7009502649307251
0.6593445539474487
0.6986905336380005
0.612208902835846
0.6467265486717224
0.598902702331543
0.6490432620048523
0.5745433568954468
0.5543832182884216
0.597963809967041
0.5848962068557739
0.5884858965873718
0.675543487071991
0.5432868599891663
0.5313725471496582
0.5445023775100708
0.6176018714904785
0.6105351448059082
0.5732306241989136
0.5465371608734131
0.5427389144897461
0.6507076025009155
0.588095486164093
0.6194765567779541
0.5290259122848511
0.6137824654579163
0.648675799369812
0.51186722517013550.58642935752868650.6148957610130310.57457071542739870.5005562305450440.56470978260040280.5561494231224060.56060397624969480.51550328731536870.52835643291473390.55477792024612430.499675810337066650.54849922657012940.45101183652877810.55309998989105220.57685136795043950.60261023044586180.6205163002014160.54016703367233280.52125382423400880.55406272411346440.57059609889984130.46674454212188720.51473343372344970.61344832181930540.50688433647155760.54837000370025630.443542331457138060.49451076984405520.5000116825103760.54710125923156740.56186127662658690.484759211540222170.54194295406341550.52868038415908810.51387649774551390.456596404314041140.52531516551971440.52921497821807860.57090020179748540.50142014026641850.35047626495361330.5667602419853210.492958068847656250.366983234882354740.45005601644515990.46385192871093750.41065424680709840.442953586578369140.52206397056579590.446705818176269530.36590909957885740.39310204982757570.425477385520935060.36975634098052980.40682932734489440.40103554725646970.42496338486671450.34566920995712280.384126842021942140.342698454856872560.42187285423278810.464324802160263060.338681280612945560.37364292144775390.4824025034904480.48698383569717410.447047531604766850.39445617794990540.37312924861907960.373720049858093260.335268378257751460.40587460994720460.36560851335525510.453944772481918330.43629619479179380.40758794546127320.416464507579803470.42844364047050476
Training accuracy:
0.5858477011494253
0.647808908045977
0.6596623563218391
0.6433189655172413
0.6555316091954023
0.6594827586206896
0.6691810344827587
0.6663074712643678
0.6587643678160919
0.6619971264367817
0.6817528735632183
0.6727729885057471
0.6781609195402298
0.6982758620689655
0.6794181034482759
0.6896551724137931
0.6954022988505747
0.7020474137931034
0.701867816091954
0.704382183908046
0.7013290229885057
0.7059985632183908
0.7077945402298851
0.7040229885057471
0.7016882183908046
0.7117456896551724
0.7209051724137931
0.7279094827586207
0.72611350574712640.72144396551724130.71390086206896550.71569683908045980.718750.73221982758620690.72575431034482760.73473419540229890.7284482758620690.7246767241379310.72539511494252870.74443247126436780.74784482758620690.72521551724137930.71857040229885060.73509339080459770.75107758620689660.74730603448275870.74856321839080460.75161637931034490.74892241379310340.75484913793103450.74712643678160920.75987787356321830.76885775862068960.76095545977011490.75808189655172410.7571839080459770.76382902298850570.76167385057471260.76185344827586210.77550287356321830.76364942528735640.77442528735632190.78160919540229890.78286637931034490.77909482758620690.77801724137931040.77927442528735640.7684985632183908
0.7869971264367817
0.7789152298850575
0.7862787356321839
0.7959770114942529
0.7869971264367817
0.7814295977011494
0.7860991379310345
0.8011853448275862
0.790948275862069
0.8033405172413793
0.7945402298850575
0.804058908045977
0.7988505747126436
0.7873563218390804
0.8107040229885057
0.804058908045977
0.8132183908045977
0.8162715517241379
0.813757183908046
0.8182471264367817
0.8125
0.8164511494252874
0.8098060344827587
0.8099856321839081
0.8204022988505747
0.8157327586206896
0.8144755747126436
0.8195043103448276
0.8277658045977011
0.8248922413793104
0.8263290229885057
0.8204022988505747
0.8230962643678161
0.8220186781609196
0.8223778735632183
0.8204022988505747
0.819683908045977
0.8133979885057471
Validation loss:
29.903024673461914
29.25126075744629
30.096019744873047
30.745941162109375
33.102210998535156
30.188501358032227
33.541996002197266
31.137876510620117
37.19702911376953
35.00054168701172
33.16583251953125
34.640525817871094
48.29120635986328
36.991458892822266
40.43144989013672
42.141170501708984
43.421363830566406
43.466800689697266
36.339107513427734
46.4811897277832
48.39775466918945
47.12029266357422
Validation accuracy:
0.5806107954545454
0.6107954545454546
0.5962357954545454
0.6186079545454546
0.5912642045454546
0.6079545454545454
0.5795454545454546
0.5877130681818182
0.5806107954545454
0.5685369318181818
0.59765625
0.5678267045454546
0.5930397727272727
0.5656960227272727
0.5841619318181818
0.5522017045454546
0.5703125
0.5610795454545454
0.57421875
0.5529119318181818
0.5635653409090909
0.5582386363636364

final_loss:29.25126075744629final_accuracy:0.6107954545454546
