AEs

Training loss:
0.5526565313339233
0.6178650856018066
0.5594462752342224
0.5783361196517944
0.5590360164642334
0.6389981508255005
0.5645536780357361
0.6078900098800659
0.6729898452758789
0.5373330116271973
0.5390785932540894
0.5171811580657959
0.6018613576889038
0.5720125436782837
0.532837986946106
0.5544247627258301
0.6272410154342651
0.5825036764144897
0.49230054020881653
0.5153255462646484
0.5720943212509155
0.6186421513557434
0.5822199583053589
0.5662267208099365
0.5823304653167725
0.5477545261383057
0.5442434549331665
0.469960480928421
0.6684195399284363
0.559238076210022
0.6073654890060425
0.576511025428772
0.5525120496749878
0.5595194101333618
0.5580214262008667
0.5207207202911377
0.560576319694519
0.5392158031463623
0.5582529902458191
0.5335047245025635
0.5163424015045166
0.605859637260437
0.5921338796615601
0.5371906757354736
0.5111052989959717
0.5462623834609985
0.5788393020629883
0.43696099519729614
0.568825364112854
0.49634674191474915
0.5030660629272461
0.4580589532852173
0.42800867557525635
0.5405028462409973
0.5762369632720947
0.5087726712226868
0.4833449721336365
0.4667021632194519
0.5206453800201416
0.528333306312561
0.4724982976913452
0.5268658399581909
0.44892776012420654
0.4147140681743622
0.45227688550949097
0.5115231871604919
0.4438532292842865
0.4282848834991455
0.540565013885498
0.3983854651451111
0.5241590142250061
0.3324027955532074
0.5968621373176575
0.45337408781051636
0.4495704174041748
0.5177575349807739
0.4310517907142639
0.41692855954170227
0.5132266879081726
0.41484978795051575
0.5193133354187012
0.46002256870269775
0.5540354251861572
0.4308058023452759
0.450689435005188
0.4708942770957947
0.4498257637023926
0.4247194826602936
0.46552181243896484
0.5082806348800659
0.3857945203781128
0.5197886228561401
0.5025927424430847
0.39288830757141113
0.40817341208457947
0.4129489064216614
0.48584458231925964
0.4455156624317169
0.4307675063610077
0.43899989128112793
0.3953774571418762
0.490986168384552
0.4235467314720154
0.3956807255744934
0.4559529423713684
0.47573649883270264
0.4071163833141327
0.406940221786499
0.43680161237716675
0.36596617102622986
0.41995254158973694
0.426474928855896
0.40035945177078247
0.4165874719619751
0.4805811047554016
0.43903836607933044
0.4469829797744751
0.506263256072998
0.4838564991950989
0.4257601499557495
0.3900523781776428
0.28264638781547546
0.5072868466377258
0.44590041041374207
0.4028239846229553
0.43027806282043457
0.3249387741088867
0.4438467025756836
0.459536075592041
0.41999661922454834
0.29071319103240967
0.3443455100059509
0.4273143708705902
0.3657461702823639
0.469538152217865
0.34694814682006836
0.3765648901462555
0.41029492020606995
0.3968121409416199
0.3216084837913513
0.3925841450691223
0.3197636902332306
0.4561029076576233
0.34858638048171997
0.39397868514060974
0.38200390338897705
0.440061092376709
0.5132772922515869
0.4864323139190674
0.3239120543003082
0.4065437912940979
0.4172327220439911
0.24530397355556488
0.42948025465011597
0.34374362230300903
0.4134160876274109
0.2806972861289978
0.24662142992019653
0.41145288944244385
0.3038674294948578
0.20525291562080383
0.32365602254867554
0.42447084188461304
0.358680784702301
0.39329349994659424
0.4073403477668762
0.3864414691925049
0.44412654638290405
0.44596999883651733
0.33893078565597534
0.3897843360900879
0.48671311140060425
0.3555905818939209
0.40156954526901245
0.2578756809234619
0.44758743047714233
0.29532837867736816
0.33147144317626953
0.2751804292201996
0.3847714364528656
0.2754065692424774
0.42171284556388855
0.5013571977615356
0.5150439739227295
0.3759872019290924
0.3430051803588867
0.43911683559417725
0.3071976900100708
0.316095769405365
0.3989675045013428
0.41687291860580444
0.39601120352745056
0.4056907892227173
0.30180561542510986
0.3634655475616455
0.376918226480484
0.3738158643245697
0.31242746114730835
0.30936193466186523
0.42036259174346924
0.3625452518463135
0.436771035194397
0.35400766134262085
0.4184097647666931
0.27085626125335693
0.46865373849868774
0.29054129123687744
0.3504790663719177
0.3610638976097107
0.4247763752937317
0.35135191679000854
0.3822358250617981
0.44676369428634644
0.3206745684146881
0.2937301993370056
0.426719069480896
0.3459966480731964
0.2543015480041504
0.3160921633243561
0.42583906650543213
0.3404129445552826
0.43569207191467285
0.30883464217185974
0.31415191292762756
0.3464517891407013
0.372697651386261
0.31057992577552795
0.4445161521434784
0.4403263032436371
0.25919172167778015
0.45612919330596924
0.37119773030281067
0.37934842705726624
0.35680091381073
0.2883511781692505
0.2696871757507324
0.3246951401233673
0.3023056387901306
0.24966315925121307
0.22655656933784485
0.30145207047462463
Training accuracy:
0.6169181034482759
0.6539152298850575
0.6555316091954023
0.6636135057471264
0.6610991379310345
0.6573275862068966
0.6652298850574713
0.6743893678160919
0.6855244252873564
0.6840876436781609
0.6831896551724138
0.6747485632183908
0.6921695402298851
0.688757183908046
0.693426724137931
0.6980962643678161
0.7013290229885057
0.6912715517241379
0.6858836206896551
0.6970186781609196
0.7009698275862069
0.7015086206896551
0.7020474137931034
0.7049209770114943
0.7122844827586207
0.7042025862068966
0.710308908045977
0.7221623563218391
0.7151580459770115
0.7119252873563219
0.7122844827586207
0.7155172413793104
0.7164152298850575
0.7207255747126436
0.724676724137931
0.717492816091954
0.7270114942528736
0.7219827586206896
0.7309626436781609
0.7397629310344828
0.7444324712643678
0.734375
0.7397629310344828
0.7482040229885057
0.7385057471264368
0.7433548850574713
0.7437140804597702
0.7449712643678161
0.7541307471264368
0.740301724137931
0.7492816091954023
0.7557471264367817
0.7564655172413793
0.7422772988505747
0.7410201149425287
0.7411997126436781
0.7550287356321839
0.7406609195402298
0.7478448275862069
0.7521551724137931
0.7392241379310345
0.7523347701149425
0.7537715517241379
0.7654454022988506
0.7627514367816092
0.7543103448275862
0.7579022988505747
0.7588002873563219
0.7636494252873564
0.7634698275862069
0.7683189655172413
0.7749640804597702
0.7738864942528736
0.7649066091954023
0.7604166666666666
0.7636494252873564
0.7650862068965517
0.7722701149425287
0.7805316091954023
0.7767600574712644
0.7724497126436781
0.7749640804597702
0.7869971264367817
0.7758620689655172
0.775323275862069
0.7868175287356322
0.7880747126436781
0.7792744252873564
0.787176724137931
0.7742456896551724
0.7785560344827587
0.7905890804597702
0.7794540229885057
0.7875359195402298
0.7887931034482759
0.7846623563218391
0.7918462643678161
0.7866379310344828
0.789691091954023
0.7941810344827587
0.7864583333333334
0.7932830459770115
0.7898706896551724
0.7974137931034483
0.7873563218390804
0.8001077586206896
0.795617816091954
0.8022629310344828
0.7961566091954023
0.8056752873563219
0.7938218390804598
0.7932830459770115
0.8069324712643678
0.8119612068965517
0.7972341954022989
0.8049568965517241
0.7923850574712644
0.8139367816091954
0.8020833333333334
0.8047772988505747
0.8063936781609196
0.811242816091954
0.8107040229885057
0.8119612068965517
0.8151939655172413
0.8116020114942529
0.811242816091954
0.8178879310344828
0.8108836206896551
0.8087284482758621
0.8103448275862069
0.8049568965517241
0.8020833333333334
0.8178879310344828
0.8101652298850575
0.8171695402298851
0.8169899425287356
0.8148347701149425
0.8187859195402298
0.8146551724137931
0.8177083333333334
0.8164511494252874
0.8200431034482759
0.828125
0.8247126436781609
0.8250718390804598
0.8259698275862069
0.8110632183908046
0.8045977011494253
0.8142959770114943
0.8216594827586207
0.8198635057471264
0.8180675287356322
0.8155531609195402
0.8182471264367817
0.8241738505747126
0.8160919540229885
0.8297413793103449
0.8389008620689655
0.8238146551724138
0.8187859195402298
0.8324353448275862
0.8315373563218391
0.8354885057471264
0.8385416666666666
0.8239942528735632
0.836566091954023
0.8283045977011494
0.8236350574712644
0.8396192528735632
0.8344109195402298
0.8381824712643678
0.8403376436781609
0.8354885057471264
0.8297413793103449
0.8336925287356322
0.8532686781609196
0.845007183908046
0.8459051724137931
0.8460847701149425
0.8484195402298851
0.8468031609195402
0.8385416666666666
0.8383620689655172
0.8347701149425287
0.8333333333333334
0.8435704022988506
0.8417744252873564
0.8320761494252874
0.8419540229885057
0.8432112068965517
0.8559626436781609
0.8383620689655172
0.8439295977011494
0.8538074712643678
0.8471623563218391
0.8457255747126436
0.8372844827586207
0.8430316091954023
0.8489583333333334
0.84375
0.845007183908046
0.84375
0.845007183908046
0.8557830459770115
0.8396192528735632
0.8478807471264368
0.8559626436781609
0.852191091954023
0.8485991379310345
0.8520114942528736
0.8559626436781609
0.8491379310344828
0.8588362068965517
0.8683548850574713
0.859375
0.849676724137931
0.849676724137931
0.8489583333333334
0.8538074712643678
0.8568606321839081
0.8487787356321839
0.8565014367816092
0.8602729885057471
0.8552442528735632
0.8570402298850575
0.8552442528735632
0.865301724137931
0.8588362068965517
0.8694324712643678
0.8573994252873564
0.8597341954022989
0.8636853448275862
0.8685344827586207
0.8595545977011494
0.8697916666666666
0.8688936781609196
0.8640445402298851
0.8715876436781609
0.8710488505747126
0.8550646551724138
Validation loss:
28.000856399536133
33.369300842285156
29.20421028137207
30.04936981201172
27.548717498779297
33.07399368286133
35.61963653564453
35.091129302978516
36.543174743652344
40.07986831665039
35.405189514160156
38.94587326049805
36.838958740234375
43.342750549316406
42.431243896484375
49.61104965209961
47.21784973144531
42.264530181884766
40.42477798461914
45.18440246582031
43.92729949951172
41.80049133300781
50.42890167236328
50.57093048095703
51.258419036865234
Validation accuracy:
0.6370738636363636
0.6253551136363636
0.6395596590909091
0.64453125
0.6487926136363636
0.6470170454545454
0.6377840909090909
0.6583806818181818
0.6285511363636364
0.6260653409090909
0.6392045454545454
0.6221590909090909
0.6207386363636364
0.6182528409090909
0.6267755681818182
0.6012073863636364
0.6136363636363636
0.5997869318181818
0.6029829545454546
0.6164772727272727
0.6178977272727273
0.6068892045454546
0.6036931818181818
0.5891335227272727
0.58984375








VAE
final_loss:27.548717498779297final_accuracy:0.6487926136363636
Training loss:
0.7230998277664185
0.7691458463668823
0.642649233341217
0.7138815522193909
0.7038322687149048
0.7408982515335083
0.5720803141593933
0.7288974523544312
0.6308614611625671
0.6370559930801392
0.7034376263618469
0.6184724569320679
0.6422157287597656
0.666738748550415
0.6791669130325317
0.605534553527832
0.6188842058181763
0.6408389806747437
0.6357237696647644
0.6369787454605103
0.6183321475982666
0.6079147458076477
0.6556796431541443
0.5580630302429199
0.6874958276748657
0.5873302221298218
0.6683822870254517
0.5790274143218994
0.5641174912452698
0.5899761319160461
0.5993056297302246
0.5578244924545288
0.5780707597732544
0.5661464929580688
0.6054667234420776
0.5473452210426331
0.5314865112304688
0.5922507047653198
0.5625987648963928
0.4896770417690277
0.6116654872894287
0.5556125044822693
0.5526702404022217
0.5641783475875854
0.5290045738220215
0.546584963798523
0.46843528747558594
0.543872058391571
0.5345420837402344
0.48449718952178955
0.5376405119895935
0.5633962750434875
0.4516674876213074
0.49551311135292053
0.5264061689376831
0.49596789479255676
0.5306610465049744
0.5059928894042969
0.5083666443824768
0.4752165675163269
0.5128124952316284
0.49860522150993347
0.45071762800216675
0.49434894323349
0.46795588731765747
0.4953046441078186
0.44454485177993774
0.5305101871490479
0.4814181923866272
0.42925766110420227
0.4552468955516815
0.46693700551986694
0.43242552876472473
0.4732179045677185
0.42995283007621765
0.44574686884880066
0.4318544268608093
0.5117497444152832
0.4988468885421753
0.5107694864273071
0.36535218358039856
0.4150298833847046
0.41125646233558655
0.42916035652160645
0.4906770586967468
0.45959287881851196
0.42392897605895996
0.4313725531101227
0.37902629375457764
0.4152553081512451
0.39399290084838867
0.3664848804473877
0.4457480311393738
0.35811734199523926
0.3984103202819824
0.37359657883644104
0.38866350054740906
0.4179982542991638
0.36252015829086304
0.38999414443969727
0.4259525537490845
0.37059369683265686
0.34886518120765686
0.3872796297073364
0.43579238653182983
0.37253057956695557
0.38550007343292236
0.383466899394989
0.2817540764808655
0.3594568967819214
0.3267340064048767
0.34556344151496887
0.3686925172805786
0.36088457703590393
0.42470502853393555
0.3622617721557617
0.3540862202644348
0.32833293080329895
0.3419262766838074
0.3760237395763397
0.3121282160282135
0.3399081826210022
0.31097233295440674
0.3337336778640747
0.3720201551914215
0.2939675450325012
0.4386400878429413
0.4062580466270447
0.2971988320350647
0.30662834644317627
0.39676520228385925
0.2870144546031952
0.332028865814209
0.3160151243209839
0.32554709911346436
0.32025569677352905
0.36478495597839355
0.357354074716568
0.32512903213500977
0.2972186207771301
0.275908887386322
0.342229425907135
0.2981908619403839
0.3171536326408386
0.36152383685112
0.26419156789779663
0.2936933636665344
0.3008064925670624
0.29351720213890076
0.31881311535835266
0.3535512685775757
0.2599194347858429
0.3101658821105957
0.3306431174278259
0.30279287695884705
0.32343590259552
0.23322413861751556
0.2987350821495056
0.3132636547088623
0.2888590097427368
0.2594813406467438
0.26204153895378113
0.2476215958595276
0.30770355463027954
0.30198991298675537
0.25365060567855835
0.3733789622783661
0.3540976643562317
0.3056272864341736
0.2379685789346695
0.24347995221614838
0.27884364128112793
0.264536052942276
0.3375084698200226
0.31384050846099854
0.23041316866874695
0.27324753999710083
0.2813020646572113
0.25985419750213623
0.24775981903076172
0.2731582224369049
0.2722747325897217
0.28434616327285767
0.26839354634284973
0.26064732670783997
0.25352126359939575
0.3698357939720154
0.31865665316581726
0.22702890634536743
0.24185605347156525
0.2454446703195572
0.2945622503757477
0.23597142100334167
0.2980448007583618
0.24421142041683197
0.28132298588752747
0.2276700884103775
0.25383275747299194
0.20806138217449188
0.2750145196914673
0.2740485668182373
0.23897749185562134
0.24489670991897583
0.22131110727787018
0.21169309318065643
0.19051899015903473
0.2476246953010559
0.20165500044822693
0.21265222132205963
0.19828985631465912
0.24836954474449158
0.16498643159866333
0.22034990787506104
0.23297232389450073
0.22176676988601685
0.23153680562973022
0.1941184252500534
0.22075563669204712
0.21498671174049377
0.2462492287158966
0.22189195454120636
0.22046954929828644
0.154886394739151
0.2104911357164383
0.2046285718679428
0.19006721675395966
0.20252752304077148
0.17374111711978912
0.20952452719211578
0.2140837460756302
0.1783563792705536
Training accuracy:
0.5044899425287356
0.49299568965517243
0.525323275862069
0.5344827586206896
0.5445402298850575
0.546875
0.561242816091954
0.5691451149425287
0.5766882183908046
0.5883620689655172
0.5899784482758621
0.5989583333333334
0.6188936781609196
0.6161997126436781
0.6221264367816092
0.6345186781609196
0.639367816091954
0.6424209770114943
0.6327227011494253
0.6413433908045977
0.6623563218390804
0.6682830459770115
0.6673850574712644
0.673132183908046
0.6738505747126436
0.6840876436781609
0.6740301724137931
0.6936063218390804
0.6952227011494253
0.7025862068965517
0.7025862068965517
0.7180316091954023
0.7212643678160919
0.7167744252873564
0.7194683908045977
0.7298850574712644
0.7275502873563219
0.7309626436781609
0.7404813218390804
0.7399425287356322
0.7420977011494253
0.751257183908046
0.7528735632183908
0.7535919540229885
0.7613146551724138
0.7676005747126436
0.7699353448275862
0.7747844827586207
0.7778376436781609
0.7710129310344828
0.7805316091954023
0.7823275862068966
0.787176724137931
0.7853807471264368
0.7887931034482759
0.7862787356321839
0.7948994252873564
0.787176724137931
0.8002873563218391
0.7898706896551724
0.7945402298850575
0.8056752873563219
0.8089080459770115
0.8056752873563219
0.8133979885057471
0.8171695402298851
0.8107040229885057
0.8202227011494253
0.8116020114942529
0.8247126436781609
0.8225574712643678
0.8283045977011494
0.8286637931034483
0.8195043103448276
0.8284841954022989
0.8302801724137931
0.8304597701149425
0.8347701149425287
0.8396192528735632
0.8338721264367817
0.8448275862068966
0.8433908045977011
0.8441091954022989
0.849676724137931
0.8441091954022989
0.8586566091954023
0.849676724137931
0.8602729885057471
0.8545258620689655
0.8462643678160919
0.853448275862069
0.8627873563218391
0.8588362068965517
0.8565014367816092
0.8559626436781609
0.8599137931034483
0.8647629310344828
0.8613505747126436
0.8679956896551724
0.8674568965517241
0.860632183908046
0.8696120689655172
0.8714080459770115
0.8735632183908046
0.8854166666666666
0.8820043103448276
0.8694324712643678
0.880926724137931
0.8848778735632183
0.8868534482758621
0.8934985632183908
0.8897270114942529
0.8882902298850575
0.889367816091954
0.8877514367816092
0.8891882183908046
0.8974497126436781
0.8926005747126436
0.8972701149425287
0.8940373563218391
0.896551724137931
0.8981681034482759
0.8969109195402298
0.9042744252873564
0.8926005747126436
0.9078663793103449
0.8915229885057471
0.9046336206896551
0.9058908045977011
0.8979885057471264
0.9021192528735632
0.9035560344827587
0.9091235632183908
0.9132543103448276
0.9161278735632183
0.9048132183908046
0.9064295977011494
0.9132543103448276
0.915948275862069
0.9123563218390804
0.9112787356321839
0.9107399425287356
0.9195402298850575
0.915948275862069
0.9186422413793104
0.9204382183908046
0.9224137931034483
0.9132543103448276
0.9179238505747126
0.9240301724137931
0.9216954022988506
0.9233117816091954
0.9265445402298851
0.9319324712643678
0.9308548850574713
0.9188218390804598
0.9274425287356322
0.9242097701149425
0.9267241379310345
0.9308548850574713
0.9330100574712644
0.9301364942528736
0.9294181034482759
0.9321120689655172
0.9337284482758621
0.9353448275862069
0.9340876436781609
0.9333692528735632
0.9333692528735632
0.9410919540229885
0.9367816091954023
0.9396551724137931
0.9367816091954023
0.9380387931034483
0.9383979885057471
0.9455818965517241
0.9403735632183908
0.9443247126436781
0.9428879310344828
0.9389367816091954
0.9500718390804598
0.9407327586206896
0.9428879310344828
0.9464798850574713
0.9464798850574713
0.9477370689655172
0.9461206896551724
0.9441451149425287
0.9441451149425287
0.9511494252873564
0.9470186781609196
0.9495330459770115
0.9489942528735632
0.9516882183908046
0.9525862068965517
0.9495330459770115
0.9504310344827587
0.9536637931034483
0.9547413793103449
0.9545617816091954
0.9511494252873564
0.9556393678160919
0.9559985632183908
0.9502514367816092
0.9579741379310345
0.9547413793103449
0.9606681034482759
0.9554597701149425
0.959051724137931
0.9570761494252874
0.9621048850574713
0.9568965517241379
0.9574353448275862
0.9631824712643678
0.9572557471264368
0.9621048850574713
0.9595905172413793
0.9630028735632183
0.9667744252873564
0.9617456896551724
0.9601293103448276
0.9649784482758621
0.9667744252873564
0.9610272988505747
0.9597701149425287
0.9658764367816092
0.9662356321839081
0.9644396551724138
0.9630028735632183
0.9678520114942529
0.9685704022988506
Validation loss:
31.528005599975586
31.343175888061523
31.05829620361328
30.622034072875977
31.17655372619629
31.028079986572266
31.74039077758789
31.59337043762207
32.00806427001953
32.46088409423828
33.085479736328125
33.878868103027344
35.18882369995117
35.25580596923828
35.408939361572266
37.422523498535156
38.226139068603516
38.89305877685547
41.01813507080078
41.958492279052734
42.764461517333984
43.82666778564453
43.073551177978516
43.805023193359375
Validation accuracy:
0.5291193181818182
0.5230823863636364
0.5284090909090909
0.5575284090909091
0.5415482954545454
0.5511363636363636
0.55859375
0.5539772727272727
0.5610795454545454
0.5692471590909091
0.5603693181818182
0.5600142045454546
0.5568181818181818
0.5504261363636364
0.5490056818181818
0.5443892045454546
0.5376420454545454
0.5433238636363636
0.5305397727272727
0.5202414772727273
0.5308948863636364
0.5241477272727273
0.5259232954545454
0.5259232954545454
final_loss:30.622034072875977final_accuracy:0.5575284090909091
